0	8.14896e-05
1.07987e-12	8.13201e-05
2.15974e-12	8.11148e-05
3.23961e-12	8.08727e-05
4.31948e-12	8.05931e-05
5.39935e-12	8.0275e-05
6.47921e-12	7.99175e-05
7.55908e-12	7.95196e-05
8.63895e-12	7.90805e-05
9.71882e-12	7.85992e-05
1.07987e-11	7.80749e-05
1.18786e-11	7.75064e-05
1.29584e-11	7.6893e-05
1.40383e-11	7.62336e-05
1.51182e-11	7.55273e-05
1.6198e-11	7.47731e-05
1.72779e-11	7.397e-05
1.83578e-11	7.3117e-05
1.94376e-11	7.22132e-05
2.05175e-11	7.12575e-05
2.15974e-11	7.02489e-05
2.26772e-11	6.91865e-05
2.37571e-11	6.80691e-05
2.4837e-11	6.68959e-05
2.59169e-11	6.56656e-05
2.69967e-11	6.43775e-05
2.80766e-11	6.30303e-05
2.91565e-11	6.1623e-05
3.02363e-11	6.01547e-05
3.13162e-11	5.86242e-05
3.23961e-11	5.70306e-05
3.34759e-11	5.53727e-05
3.45558e-11	5.36495e-05
3.56357e-11	5.186e-05
3.67155e-11	5.0003e-05
3.77954e-11	4.80776e-05
3.88753e-11	4.60827e-05
3.99552e-11	4.40171e-05
4.1035e-11	4.188e-05
4.21149e-11	3.96701e-05
4.31948e-11	3.73864e-05
4.42746e-11	3.50279e-05
4.53545e-11	3.25935e-05
4.64344e-11	3.00822e-05
4.75142e-11	2.74928e-05
4.85941e-11	2.48244e-05
4.9674e-11	2.2076e-05
5.07538e-11	1.92463e-05
5.18337e-11	1.63345e-05
5.29136e-11	1.33395e-05
5.39935e-11	1.02602e-05
5.50733e-11	7.0956e-06
5.61532e-11	3.84474e-06
5.72331e-11	5.06583e-07
5.83129e-11	-2.91989e-06
5.93928e-11	-6.43566e-06
6.04727e-11	-1.00417e-05
6.15525e-11	-1.37391e-05
6.26324e-11	-1.75286e-05
6.37123e-11	-2.14114e-05
6.47921e-11	-2.53883e-05
6.5872e-11	-2.94603e-05
6.69519e-11	-3.36283e-05
6.80317e-11	-3.78932e-05
6.91116e-11	-4.2256e-05
7.01915e-11	-4.67174e-05
7.12714e-11	-5.12784e-05
7.23512e-11	-5.59399e-05
7.34311e-11	-6.07025e-05
7.4511e-11	-6.55673e-05
7.55908e-11	-7.0535e-05
7.66707e-11	-7.56063e-05
7.77506e-11	-8.07821e-05
7.88304e-11	-8.6063e-05
7.99103e-11	-9.14499e-05
8.09902e-11	-9.69434e-05
8.207e-11	-0.000102544
8.31499e-11	-0.000108253
8.42298e-11	-0.00011407
8.53097e-11	-0.000119997
8.63895e-11	-0.000126033
8.74694e-11	-0.00013218
8.85493e-11	-0.000138437
8.96291e-11	-0.000144806
9.0709e-11	-0.000151287
9.17889e-11	-0.00015788
9.28687e-11	-0.000164586
9.39486e-11	-0.000171405
9.50285e-11	-0.000178338
9.61083e-11	-0.000185384
9.71882e-11	-0.000192545
9.82681e-11	-0.00019982
9.9348e-11	-0.000207209
1.00428e-10	-0.000214713
1.01508e-10	-0.000222332
1.02588e-10	-0.000230066
1.03667e-10	-0.000237916
1.04747e-10	-0.00024588
1.05827e-10	-0.000253959
1.06907e-10	-0.000262154
1.07987e-10	-0.000270463
1.09067e-10	-0.000278887
1.10147e-10	-0.000287426
1.11227e-10	-0.000296079
1.12306e-10	-0.000304847
1.13386e-10	-0.000313728
1.14466e-10	-0.000322722
1.15546e-10	-0.000331829
1.16626e-10	-0.000341049
1.17706e-10	-0.000350381
1.18786e-10	-0.000359825
1.19865e-10	-0.000369379
1.20945e-10	-0.000379043
1.22025e-10	-0.000388816
1.23105e-10	-0.000398698
1.24185e-10	-0.000408687
1.25265e-10	-0.000418784
1.26345e-10	-0.000428986
1.27425e-10	-0.000439292
1.28504e-10	-0.000449703
1.29584e-10	-0.000460215
1.30664e-10	-0.000470829
1.31744e-10	-0.000481543
1.32824e-10	-0.000492355
1.33904e-10	-0.000503265
1.34984e-10	-0.00051427
1.36063e-10	-0.000525369
1.37143e-10	-0.00053656
1.38223e-10	-0.000547842
1.39303e-10	-0.000559213
1.40383e-10	-0.000570671
1.41463e-10	-0.000582214
1.42543e-10	-0.000593841
1.43623e-10	-0.000605548
1.44702e-10	-0.000617334
1.45782e-10	-0.000629197
1.46862e-10	-0.000641134
1.47942e-10	-0.000653143
1.49022e-10	-0.000665222
1.50102e-10	-0.000677367
1.51182e-10	-0.000689577
1.52262e-10	-0.000701848
1.53341e-10	-0.000714178
1.54421e-10	-0.000726563
1.55501e-10	-0.000739002
1.56581e-10	-0.00075149
1.57661e-10	-0.000764025
1.58741e-10	-0.000776603
1.59821e-10	-0.000789221
1.609e-10	-0.000801876
1.6198e-10	-0.000814564
1.6306e-10	-0.000827281
1.6414e-10	-0.000840024
1.6522e-10	-0.000852789
1.663e-10	-0.000865572
1.6738e-10	-0.000878369
1.6846e-10	-0.000891176
1.69539e-10	-0.000903989
1.70619e-10	-0.000916803
1.71699e-10	-0.000929615
1.72779e-10	-0.000942419
1.73859e-10	-0.000955211
1.74939e-10	-0.000967987
1.76019e-10	-0.000980741
1.77099e-10	-0.000993469
1.78178e-10	-0.00100617
1.79258e-10	-0.00101883
1.80338e-10	-0.00103144
1.81418e-10	-0.00104402
1.82498e-10	-0.00105654
1.83578e-10	-0.001069
1.84658e-10	-0.0010814
1.85737e-10	-0.00109373
1.86817e-10	-0.00110598
1.87897e-10	-0.00111816
1.88977e-10	-0.00113024
1.90057e-10	-0.00114224
1.91137e-10	-0.00115414
1.92217e-10	-0.00116593
1.93297e-10	-0.0011776
1.94376e-10	-0.00118917
1.95456e-10	-0.0012006
1.96536e-10	-0.0012119
1.97616e-10	-0.00122307
1.98696e-10	-0.00123409
1.99776e-10	-0.00124496
2.00856e-10	-0.00125566
2.01936e-10	-0.0012662
2.03015e-10	-0.00127657
2.04095e-10	-0.00128675
2.05175e-10	-0.00129674
2.06255e-10	-0.00130654
2.07335e-10	-0.00131613
2.08415e-10	-0.00132551
2.09495e-10	-0.00133467
2.10574e-10	-0.0013436
2.11654e-10	-0.00135229
2.12734e-10	-0.00136074
2.13814e-10	-0.00136893
2.14894e-10	-0.00137686
2.15974e-10	-0.00138452
2.17054e-10	-0.0013919
2.18134e-10	-0.00139899
2.19213e-10	-0.00140578
2.20293e-10	-0.00141227
2.21373e-10	-0.00141844
2.22453e-10	-0.00142429
2.23533e-10	-0.0014298
2.24613e-10	-0.00143497
2.25693e-10	-0.00143979
2.26772e-10	-0.00144425
2.27852e-10	-0.00144833
2.28932e-10	-0.00145203
2.30012e-10	-0.00145535
2.31092e-10	-0.00145826
2.32172e-10	-0.00146076
2.33252e-10	-0.00146284
2.34332e-10	-0.00146449
2.35411e-10	-0.0014657
2.36491e-10	-0.00146645
2.37571e-10	-0.00146675
2.38651e-10	-0.00146658
2.39731e-10	-0.00146592
2.40811e-10	-0.00146477
2.41891e-10	-0.00146312
2.42971e-10	-0.00146095
2.4405e-10	-0.00145826
2.4513e-10	-0.00145503
2.4621e-10	-0.00145126
2.4729e-10	-0.00144693
2.4837e-10	-0.00144204
2.4945e-10	-0.00143657
2.5053e-10	-0.00143051
2.51609e-10	-0.00142385
2.52689e-10	-0.00141657
2.53769e-10	-0.00140868
2.54849e-10	-0.00140015
2.55929e-10	-0.00139098
2.57009e-10	-0.00138116
2.58089e-10	-0.00137067
2.59169e-10	-0.0013595
2.60248e-10	-0.00134764
2.61328e-10	-0.00133509
2.62408e-10	-0.00132182
2.63488e-10	-0.00130784
2.64568e-10	-0.00129312
2.65648e-10	-0.00127766
2.66728e-10	-0.00126144
2.67808e-10	-0.00124446
2.68887e-10	-0.0012267
2.69967e-10	-0.00120815
2.71047e-10	-0.0011888
2.72127e-10	-0.00116865
2.73207e-10	-0.00114767
2.74287e-10	-0.00112587
2.75367e-10	-0.00110322
2.76446e-10	-0.00107972
2.77526e-10	-0.00105535
2.78606e-10	-0.00103011
2.79686e-10	-0.00100399
2.80766e-10	-0.000976969
2.81846e-10	-0.000949044
2.82926e-10	-0.000920203
2.84006e-10	-0.000890436
2.85085e-10	-0.000859733
2.86165e-10	-0.000828084
2.87245e-10	-0.000795478
2.88325e-10	-0.000761906
2.89405e-10	-0.000727358
2.90485e-10	-0.000691824
2.91565e-10	-0.000655296
2.92645e-10	-0.000617763
2.93724e-10	-0.000579217
2.94804e-10	-0.000539648
2.95884e-10	-0.000499048
2.96964e-10	-0.000457407
2.98044e-10	-0.000414718
2.99124e-10	-0.000370971
3.00204e-10	-0.000326159
3.01283e-10	-0.000280272
3.02363e-10	-0.000233305
3.03443e-10	-0.000185247
3.04523e-10	-0.000136093
3.05603e-10	-8.58352e-05
3.06683e-10	-3.44657e-05
3.07763e-10	1.80219e-05
3.08843e-10	7.16344e-05
3.09922e-10	0.000126378
3.11002e-10	0.000182259
3.12082e-10	0.000239284
3.13162e-10	0.000297458
3.14242e-10	0.000356786
3.15322e-10	0.000417275
3.16402e-10	0.000478928
3.17481e-10	0.00054175
3.18561e-10	0.000605746
3.19641e-10	0.00067092
3.20721e-10	0.000737275
3.21801e-10	0.000804815
3.22881e-10	0.000873544
3.23961e-10	0.000943463
3.25041e-10	0.00101458
3.2612e-10	0.00108689
3.272e-10	0.00116039
3.2828e-10	0.0012351
3.2936e-10	0.001311
3.3044e-10	0.00138811
3.3152e-10	0.00146642
3.326e-10	0.00154593
3.3368e-10	0.00162664
3.34759e-10	0.00170855
3.35839e-10	0.00179166
3.36919e-10	0.00187596
3.37999e-10	0.00196146
3.39079e-10	0.00204816
3.40159e-10	0.00213605
3.41239e-10	0.00222512
3.42318e-10	0.00231538
3.43398e-10	0.00240681
3.44478e-10	0.00249942
3.45558e-10	0.0025932
3.46638e-10	0.00268815
3.47718e-10	0.00278425
3.48798e-10	0.00288151
3.49878e-10	0.00297991
3.50957e-10	0.00307944
3.52037e-10	0.00318011
3.53117e-10	0.0032819
3.54197e-10	0.00338479
3.55277e-10	0.00348879
3.56357e-10	0.00359389
3.57437e-10	0.00370006
3.58517e-10	0.00380731
3.59596e-10	0.00391561
3.60676e-10	0.00402496
3.61756e-10	0.00413535
3.62836e-10	0.00424675
3.63916e-10	0.00435916
3.64996e-10	0.00447256
3.66076e-10	0.00458694
3.67155e-10	0.00470228
3.68235e-10	0.00481857
3.69315e-10	0.00493578
3.70395e-10	0.0050539
3.71475e-10	0.00517292
3.72555e-10	0.00529281
3.73635e-10	0.00541355
3.74715e-10	0.00553512
3.75794e-10	0.00565751
3.76874e-10	0.00578069
3.77954e-10	0.00590464
3.79034e-10	0.00602933
3.80114e-10	0.00615475
3.81194e-10	0.00628087
3.82274e-10	0.00640767
3.83354e-10	0.00653511
3.84433e-10	0.00666318
3.85513e-10	0.00679184
3.86593e-10	0.00692108
3.87673e-10	0.00705085
3.88753e-10	0.00718114
3.89833e-10	0.00731191
3.90913e-10	0.00744314
3.91992e-10	0.00757478
3.93072e-10	0.00770682
3.94152e-10	0.00783922
3.95232e-10	0.00797194
3.96312e-10	0.00810495
3.97392e-10	0.00823823
3.98472e-10	0.00837172
3.99552e-10	0.0085054
4.00631e-10	0.00863923
4.01711e-10	0.00877317
4.02791e-10	0.00890719
4.03871e-10	0.00904124
4.04951e-10	0.0091753
4.06031e-10	0.0093093
4.07111e-10	0.00944323
4.0819e-10	0.00957702
4.0927e-10	0.00971065
4.1035e-10	0.00984407
4.1143e-10	0.00997723
4.1251e-10	0.0101101
4.1359e-10	0.0102426
4.1467e-10	0.0103747
4.1575e-10	0.0105064
4.16829e-10	0.0106376
4.17909e-10	0.0107683
4.18989e-10	0.0108984
4.20069e-10	0.0110279
4.21149e-10	0.0111566
4.22229e-10	0.0112847
4.23309e-10	0.0114119
4.24389e-10	0.0115384
4.25468e-10	0.0116639
4.26548e-10	0.0117885
4.27628e-10	0.0119121
4.28708e-10	0.0120346
4.29788e-10	0.0121561
4.30868e-10	0.0122764
4.31948e-10	0.0123954
4.33027e-10	0.0125132
4.34107e-10	0.0126296
4.35187e-10	0.0127447
4.36267e-10	0.0128583
4.37347e-10	0.0129704
4.38427e-10	0.0130809
4.39507e-10	0.0131897
4.40587e-10	0.0132969
4.41666e-10	0.0134023
4.42746e-10	0.0135059
4.43826e-10	0.0136076
4.44906e-10	0.0137073
4.45986e-10	0.0138051
4.47066e-10	0.0139007
4.48146e-10	0.0139942
4.49226e-10	0.0140855
4.50305e-10	0.0141745
4.51385e-10	0.0142611
4.52465e-10	0.0143454
4.53545e-10	0.0144271
4.54625e-10	0.0145063
4.55705e-10	0.0145829
4.56785e-10	0.0146568
4.57864e-10	0.0147279
4.58944e-10	0.0147962
4.60024e-10	0.0148616
4.61104e-10	0.0149241
4.62184e-10	0.0149835
4.63264e-10	0.0150397
4.64344e-10	0.0150928
4.65424e-10	0.0151426
4.66503e-10	0.0151891
4.67583e-10	0.0152322
4.68663e-10	0.0152718
4.69743e-10	0.0153079
4.70823e-10	0.0153403
4.71903e-10	0.0153691
4.72983e-10	0.015394
4.74063e-10	0.0154151
4.75142e-10	0.0154323
4.76222e-10	0.0154456
4.77302e-10	0.0154547
4.78382e-10	0.0154597
4.79462e-10	0.0154605
4.80542e-10	0.015457
4.81622e-10	0.0154491
4.82701e-10	0.0154368
4.83781e-10	0.01542
4.84861e-10	0.0153986
4.85941e-10	0.0153725
4.87021e-10	0.0153418
4.88101e-10	0.0153062
4.89181e-10	0.0152657
4.90261e-10	0.0152202
4.9134e-10	0.0151698
4.9242e-10	0.0151142
4.935e-10	0.0150535
4.9458e-10	0.0149875
4.9566e-10	0.0149162
4.9674e-10	0.0148395
4.9782e-10	0.0147574
4.98899e-10	0.0146697
4.99979e-10	0.0145765
5.01059e-10	0.0144775
5.02139e-10	0.0143729
5.03219e-10	0.0142624
5.04299e-10	0.014146
5.05379e-10	0.0140237
5.06459e-10	0.0138954
5.07538e-10	0.0137611
5.08618e-10	0.0136206
5.09698e-10	0.0134738
5.10778e-10	0.0133209
5.11858e-10	0.0131615
5.12938e-10	0.0129958
5.14018e-10	0.0128237
5.15098e-10	0.012645
5.16177e-10	0.0124597
5.17257e-10	0.0122678
5.18337e-10	0.0120693
5.19417e-10	0.0118639
5.20497e-10	0.0116518
5.21577e-10	0.0114328
5.22657e-10	0.0112069
5.23736e-10	0.010974
5.24816e-10	0.0107342
5.25896e-10	0.0104872
5.26976e-10	0.0102331
5.28056e-10	0.00997191
5.29136e-10	0.00970348
5.30216e-10	0.00942779
5.31296e-10	0.00914481
5.32375e-10	0.00885449
5.33455e-10	0.00855679
5.34535e-10	0.00825168
5.35615e-10	0.00793911
5.36695e-10	0.00761905
5.37775e-10	0.00729146
5.38855e-10	0.00695632
5.39935e-10	0.00661358
5.41014e-10	0.00626323
5.42094e-10	0.00590524
5.43174e-10	0.00553957
5.44254e-10	0.00516621
5.45334e-10	0.00478513
5.46414e-10	0.00439631
5.47494e-10	0.00399973
5.48573e-10	0.00359539
5.49653e-10	0.00318325
5.50733e-10	0.00276332
5.51813e-10	0.00233557
5.52893e-10	0.00190001
5.53973e-10	0.00145662
5.55053e-10	0.00100541
5.56133e-10	0.000546363
5.57212e-10	7.94872e-05
5.58292e-10	-0.000395216
5.59372e-10	-0.000877743
5.60452e-10	-0.00136808
5.61532e-10	-0.00186623
5.62612e-10	-0.00237217
5.63692e-10	-0.0028859
5.64772e-10	-0.00340738
5.65851e-10	-0.00393661
5.66931e-10	-0.00447356
5.68011e-10	-0.00501821
5.69091e-10	-0.00557052
5.70171e-10	-0.00613048
5.71251e-10	-0.00669805
5.72331e-10	-0.0072732
5.7341e-10	-0.00785588
5.7449e-10	-0.00844606
5.7557e-10	-0.00904369
5.7665e-10	-0.00964873
5.7773e-10	-0.0102611
5.7881e-10	-0.0108808
5.7989e-10	-0.0115078
5.8097e-10	-0.012142
5.82049e-10	-0.0127833
5.83129e-10	-0.0134316
5.84209e-10	-0.014087
5.85289e-10	-0.0147494
5.86369e-10	-0.0154186
5.87449e-10	-0.0160945
5.88529e-10	-0.0167772
5.89608e-10	-0.0174666
5.90688e-10	-0.0181625
5.91768e-10	-0.0188648
5.92848e-10	-0.0195736
5.93928e-10	-0.0202886
5.95008e-10	-0.0210098
5.96088e-10	-0.0217371
5.97168e-10	-0.0224703
5.98247e-10	-0.0232095
5.99327e-10	-0.0239544
6.00407e-10	-0.0247049
6.01487e-10	-0.025461
6.02567e-10	-0.0262225
6.03647e-10	-0.0269894
6.04727e-10	-0.0277613
6.05807e-10	-0.0285384
6.06886e-10	-0.0293203
6.07966e-10	-0.030107
6.09046e-10	-0.0308984
6.10126e-10	-0.0316942
6.11206e-10	-0.0324944
6.12286e-10	-0.0332988
6.13366e-10	-0.0341073
6.14445e-10	-0.0349196
6.15525e-10	-0.0357357
6.16605e-10	-0.0365553
6.17685e-10	-0.0373784
6.18765e-10	-0.0382047
6.19845e-10	-0.039034
6.20925e-10	-0.0398663
6.22005e-10	-0.0407012
6.23084e-10	-0.0415387
6.24164e-10	-0.0423786
6.25244e-10	-0.0432205
6.26324e-10	-0.0440645
6.27404e-10	-0.0449102
6.28484e-10	-0.0457575
6.29564e-10	-0.0466062
6.30644e-10	-0.047456
6.31723e-10	-0.0483068
6.32803e-10	-0.0491583
6.33883e-10	-0.0500104
6.34963e-10	-0.0508627
6.36043e-10	-0.0517152
6.37123e-10	-0.0525675
6.38203e-10	-0.0534195
6.39282e-10	-0.0542708
6.40362e-10	-0.0551214
6.41442e-10	-0.0559708
6.42522e-10	-0.056819
6.43602e-10	-0.0576657
6.44682e-10	-0.0585105
6.45762e-10	-0.0593533
6.46842e-10	-0.0601938
6.47921e-10	-0.0610318
6.49001e-10	-0.061867
6.50081e-10	-0.0626991
6.51161e-10	-0.0635279
6.52241e-10	-0.0643531
6.53321e-10	-0.0651745
6.54401e-10	-0.0659917
6.55481e-10	-0.0668046
6.5656e-10	-0.0676127
6.5764e-10	-0.068416
6.5872e-10	-0.0692139
6.598e-10	-0.0700064
6.6088e-10	-0.0707931
6.6196e-10	-0.0715737
6.6304e-10	-0.0723479
6.64119e-10	-0.0731154
6.65199e-10	-0.073876
6.66279e-10	-0.0746293
6.67359e-10	-0.0753751
6.68439e-10	-0.076113
6.69519e-10	-0.0768427
6.70599e-10	-0.077564
6.71679e-10	-0.0782766
6.72758e-10	-0.07898
6.73838e-10	-0.0796741
6.74918e-10	-0.0803584
6.75998e-10	-0.0810328
6.77078e-10	-0.0816968
6.78158e-10	-0.0823502
6.79238e-10	-0.0829927
6.80317e-10	-0.0836238
6.81397e-10	-0.0842434
6.82477e-10	-0.0848511
6.83557e-10	-0.0854466
6.84637e-10	-0.0860295
6.85717e-10	-0.0865995
6.86797e-10	-0.0871564
6.87877e-10	-0.0876997
6.88956e-10	-0.0882292
6.90036e-10	-0.0887445
6.91116e-10	-0.0892453
6.92196e-10	-0.0897313
6.93276e-10	-0.0902022
6.94356e-10	-0.0906576
6.95436e-10	-0.0910972
6.96516e-10	-0.0915206
6.97595e-10	-0.0919277
6.98675e-10	-0.0923179
6.99755e-10	-0.0926911
7.00835e-10	-0.0930468
7.01915e-10	-0.0933848
7.02995e-10	-0.0937048
7.04075e-10	-0.0940063
7.05154e-10	-0.0942891
7.06234e-10	-0.0945529
7.07314e-10	-0.0947973
7.08394e-10	-0.095022
7.09474e-10	-0.0952268
7.10554e-10	-0.0954112
7.11634e-10	-0.095575
7.12714e-10	-0.0957179
7.13793e-10	-0.0958395
7.14873e-10	-0.0959396
7.15953e-10	-0.0960178
7.17033e-10	-0.0960738
7.18113e-10	-0.0961074
7.19193e-10	-0.0961181
7.20273e-10	-0.0961058
7.21353e-10	-0.0960701
7.22432e-10	-0.0960108
7.23512e-10	-0.0959274
7.24592e-10	-0.0958198
7.25672e-10	-0.0956877
7.26752e-10	-0.0955307
7.27832e-10	-0.0953487
7.28912e-10	-0.0951413
7.29991e-10	-0.0949082
7.31071e-10	-0.0946492
7.32151e-10	-0.094364
7.33231e-10	-0.0940523
7.34311e-10	-0.0937139
7.35391e-10	-0.0933486
7.36471e-10	-0.092956
7.37551e-10	-0.092536
7.3863e-10	-0.0920883
7.3971e-10	-0.0916126
7.4079e-10	-0.0911088
7.4187e-10	-0.0905765
7.4295e-10	-0.0900156
7.4403e-10	-0.0894258
7.4511e-10	-0.088807
7.4619e-10	-0.088159
7.47269e-10	-0.0874814
7.48349e-10	-0.0867741
7.49429e-10	-0.086037
7.50509e-10	-0.0852699
7.51589e-10	-0.0844724
7.52669e-10	-0.0836446
7.53749e-10	-0.0827862
7.54828e-10	-0.0818971
7.55908e-10	-0.080977
7.56988e-10	-0.0800259
7.58068e-10	-0.0790435
7.59148e-10	-0.0780299
7.60228e-10	-0.0769847
7.61308e-10	-0.075908
7.62388e-10	-0.0747996
7.63467e-10	-0.0736593
7.64547e-10	-0.0724871
7.65627e-10	-0.0712829
7.66707e-10	-0.0700465
7.67787e-10	-0.068778
7.68867e-10	-0.0674772
7.69947e-10	-0.066144
7.71026e-10	-0.0647785
7.72106e-10	-0.0633805
7.73186e-10	-0.06195
7.74266e-10	-0.0604869
7.75346e-10	-0.0589914
7.76426e-10	-0.0574632
7.77506e-10	-0.0559025
7.78586e-10	-0.0543092
7.79665e-10	-0.0526833
7.80745e-10	-0.0510248
7.81825e-10	-0.0493338
7.82905e-10	-0.0476103
7.83985e-10	-0.0458544
7.85065e-10	-0.044066
7.86145e-10	-0.0422452
7.87225e-10	-0.0403922
7.88304e-10	-0.038507
7.89384e-10	-0.0365896
7.90464e-10	-0.0346402
7.91544e-10	-0.0326589
7.92624e-10	-0.0306458
7.93704e-10	-0.0286011
7.94784e-10	-0.0265247
7.95863e-10	-0.024417
7.96943e-10	-0.0222781
7.98023e-10	-0.020108
7.99103e-10	-0.0179071
8.00183e-10	-0.0156754
8.01263e-10	-0.0134132
8.02343e-10	-0.0111207
8.03423e-10	-0.00879814
8.04502e-10	-0.00644565
8.05582e-10	-0.00406352
8.06662e-10	-0.00165199
8.07742e-10	0.000788676
8.08822e-10	0.00325822
8.09902e-10	0.00575637
8.10982e-10	0.00828283
8.12062e-10	0.0108373
8.13141e-10	0.0134195
8.14221e-10	0.016029
8.15301e-10	0.0186657
8.16381e-10	0.021329
8.17461e-10	0.0240187
8.18541e-10	0.0267344
8.19621e-10	0.0294758
8.207e-10	0.0322424
8.2178e-10	0.0350338
8.2286e-10	0.0378498
8.2394e-10	0.0406897
8.2502e-10	0.0435533
8.261e-10	0.0464401
8.2718e-10	0.0493495
8.2826e-10	0.0522813
8.29339e-10	0.0552349
8.30419e-10	0.0582098
8.31499e-10	0.0612055
8.32579e-10	0.0642216
8.33659e-10	0.0672575
8.34739e-10	0.0703128
8.35819e-10	0.0733868
8.36898e-10	0.076479
8.37978e-10	0.079589
8.39058e-10	0.0827161
8.40138e-10	0.0858597
8.41218e-10	0.0890193
8.42298e-10	0.0921943
8.43378e-10	0.0953841
8.44458e-10	0.098588
8.45537e-10	0.101806
8.46617e-10	0.105036
8.47697e-10	0.108279
8.48777e-10	0.111533
8.49857e-10	0.114798
8.50937e-10	0.118074
8.52017e-10	0.121359
8.53097e-10	0.124653
8.54176e-10	0.127955
8.55256e-10	0.131265
8.56336e-10	0.134582
8.57416e-10	0.137904
8.58496e-10	0.141232
8.59576e-10	0.144565
8.60656e-10	0.147901
8.61735e-10	0.151241
8.62815e-10	0.154582
8.63895e-10	0.157926
8.64975e-10	0.16127
8.66055e-10	0.164614
8.67135e-10	0.167957
8.68215e-10	0.171298
8.69295e-10	0.174637
8.70374e-10	0.177973
8.71454e-10	0.181304
8.72534e-10	0.184631
8.73614e-10	0.187952
8.74694e-10	0.191266
8.75774e-10	0.194572
8.76854e-10	0.19787
8.77934e-10	0.201159
8.79013e-10	0.204438
8.80093e-10	0.207706
8.81173e-10	0.210961
8.82253e-10	0.214204
8.83333e-10	0.217433
8.84413e-10	0.220648
8.85493e-10	0.223847
8.86572e-10	0.227029
8.87652e-10	0.230195
8.88732e-10	0.233342
8.89812e-10	0.236469
8.90892e-10	0.239577
8.91972e-10	0.242663
8.93052e-10	0.245727
8.94132e-10	0.248769
8.95211e-10	0.251786
8.96291e-10	0.254779
8.97371e-10	0.257746
8.98451e-10	0.260686
8.99531e-10	0.263598
9.00611e-10	0.266481
9.01691e-10	0.269335
9.02771e-10	0.272159
9.0385e-10	0.27495
9.0493e-10	0.277709
9.0601e-10	0.280435
9.0709e-10	0.283126
9.0817e-10	0.285782
9.0925e-10	0.288401
9.1033e-10	0.290983
9.11409e-10	0.293527
9.12489e-10	0.296031
9.13569e-10	0.298495
9.14649e-10	0.300918
9.15729e-10	0.303299
9.16809e-10	0.305637
9.17889e-10	0.30793
9.18969e-10	0.310179
9.20048e-10	0.312381
9.21128e-10	0.314537
9.22208e-10	0.316645
9.23288e-10	0.318704
9.24368e-10	0.320713
9.25448e-10	0.322671
9.26528e-10	0.324578
9.27607e-10	0.326433
9.28687e-10	0.328234
9.29767e-10	0.32998
9.30847e-10	0.331672
9.31927e-10	0.333307
9.33007e-10	0.334885
9.34087e-10	0.336405
9.35167e-10	0.337867
9.36246e-10	0.339269
9.37326e-10	0.34061
9.38406e-10	0.34189
9.39486e-10	0.343107
9.40566e-10	0.344262
9.41646e-10	0.345352
9.42726e-10	0.346378
9.43806e-10	0.347338
9.44885e-10	0.348232
9.45965e-10	0.349059
9.47045e-10	0.349818
9.48125e-10	0.350508
9.49205e-10	0.351128
9.50285e-10	0.351678
9.51365e-10	0.352158
9.52444e-10	0.352565
9.53524e-10	0.3529
9.54604e-10	0.353162
9.55684e-10	0.353351
9.56764e-10	0.353464
9.57844e-10	0.353503
9.58924e-10	0.353465
9.60004e-10	0.353351
9.61083e-10	0.35316
9.62163e-10	0.352891
9.63243e-10	0.352544
9.64323e-10	0.352118
9.65403e-10	0.351613
9.66483e-10	0.351027
9.67563e-10	0.350361
9.68643e-10	0.349614
9.69722e-10	0.348785
9.70802e-10	0.347874
9.71882e-10	0.34688
9.72962e-10	0.345803
9.74042e-10	0.344643
9.75122e-10	0.343399
9.76202e-10	0.34207
9.77281e-10	0.340657
9.78361e-10	0.339159
9.79441e-10	0.337575
9.80521e-10	0.335905
9.81601e-10	0.33415
9.82681e-10	0.332308
9.83761e-10	0.330379
9.84841e-10	0.328363
9.8592e-10	0.32626
9.87e-10	0.32407
9.8808e-10	0.321792
9.8916e-10	0.319426
9.9024e-10	0.316973
9.9132e-10	0.314431
9.924e-10	0.311801
9.9348e-10	0.309083
9.94559e-10	0.306276
9.95639e-10	0.303381
9.96719e-10	0.300397
9.97799e-10	0.297325
9.98879e-10	0.294164
9.99959e-10	0.290915
1.00104e-09	0.287578
1.00212e-09	0.284152
1.0032e-09	0.280638
1.00428e-09	0.277036
1.00536e-09	0.273346
1.00644e-09	0.269568
1.00752e-09	0.265702
1.0086e-09	0.261749
1.00968e-09	0.257709
1.01076e-09	0.253581
1.01184e-09	0.249368
1.01292e-09	0.245067
1.014e-09	0.240681
1.01508e-09	0.236209
1.01616e-09	0.231652
1.01724e-09	0.22701
1.01832e-09	0.222284
1.0194e-09	0.217473
1.02048e-09	0.212579
1.02156e-09	0.207602
1.02264e-09	0.202542
1.02372e-09	0.1974
1.0248e-09	0.192177
1.02588e-09	0.186872
1.02696e-09	0.181488
1.02804e-09	0.176024
1.02912e-09	0.170481
1.0302e-09	0.16486
1.03127e-09	0.159161
1.03235e-09	0.153385
1.03343e-09	0.147533
1.03451e-09	0.141606
1.03559e-09	0.135605
1.03667e-09	0.12953
1.03775e-09	0.123381
1.03883e-09	0.117161
1.03991e-09	0.11087
1.04099e-09	0.104509
1.04207e-09	0.0980788
1.04315e-09	0.0915802
1.04423e-09	0.0850144
1.04531e-09	0.0783824
1.04639e-09	0.0716852
1.04747e-09	0.0649239
1.04855e-09	0.0580996
1.04963e-09	0.0512134
1.05071e-09	0.0442664
1.05179e-09	0.0372597
1.05287e-09	0.0301946
1.05395e-09	0.0230722
1.05503e-09	0.0158938
1.05611e-09	0.00866051
1.05719e-09	0.0013737
1.05827e-09	-0.00596539
1.05935e-09	-0.0133554
1.06043e-09	-0.0207951
1.06151e-09	-0.0282831
1.06259e-09	-0.0358181
1.06367e-09	-0.0433986
1.06475e-09	-0.0510232
1.06583e-09	-0.0586906
1.06691e-09	-0.0663993
1.06799e-09	-0.0741477
1.06907e-09	-0.0819345
1.07015e-09	-0.0897582
1.07123e-09	-0.0976171
1.07231e-09	-0.10551
1.07339e-09	-0.113435
1.07447e-09	-0.12139
1.07555e-09	-0.129375
1.07663e-09	-0.137387
1.07771e-09	-0.145425
1.07879e-09	-0.153487
1.07987e-09	-0.161572
1.08095e-09	-0.169677
1.08203e-09	-0.177802
1.08311e-09	-0.185944
1.08419e-09	-0.194102
1.08527e-09	-0.202274
1.08635e-09	-0.210459
1.08743e-09	-0.218653
1.08851e-09	-0.226857
1.08959e-09	-0.235067
1.09067e-09	-0.243283
1.09175e-09	-0.251502
1.09283e-09	-0.259723
1.09391e-09	-0.267943
1.09499e-09	-0.276161
1.09607e-09	-0.284376
1.09715e-09	-0.292584
1.09823e-09	-0.300785
1.09931e-09	-0.308976
1.10039e-09	-0.317155
1.10147e-09	-0.325322
1.10255e-09	-0.333473
1.10363e-09	-0.341606
1.10471e-09	-0.349721
1.10579e-09	-0.357815
1.10687e-09	-0.365886
1.10795e-09	-0.373931
1.10903e-09	-0.38195
1.11011e-09	-0.389941
1.11119e-09	-0.3979
1.11227e-09	-0.405827
1.11334e-09	-0.413719
1.11442e-09	-0.421574
1.1155e-09	-0.429391
1.11658e-09	-0.437168
1.11766e-09	-0.444902
1.11874e-09	-0.452592
1.11982e-09	-0.460235
1.1209e-09	-0.467829
1.12198e-09	-0.475374
1.12306e-09	-0.482866
1.12414e-09	-0.490304
1.12522e-09	-0.497686
1.1263e-09	-0.505009
1.12738e-09	-0.512273
1.12846e-09	-0.519474
1.12954e-09	-0.526611
1.13062e-09	-0.533683
1.1317e-09	-0.540686
1.13278e-09	-0.54762
1.13386e-09	-0.554482
1.13494e-09	-0.561271
1.13602e-09	-0.567984
1.1371e-09	-0.57462
1.13818e-09	-0.581176
1.13926e-09	-0.587651
1.14034e-09	-0.594043
1.14142e-09	-0.600351
1.1425e-09	-0.606571
1.14358e-09	-0.612703
1.14466e-09	-0.618745
1.14574e-09	-0.624694
1.14682e-09	-0.63055
1.1479e-09	-0.63631
1.14898e-09	-0.641972
1.15006e-09	-0.647535
1.15114e-09	-0.652997
1.15222e-09	-0.658356
1.1533e-09	-0.663611
1.15438e-09	-0.668759
1.15546e-09	-0.6738
1.15654e-09	-0.678732
1.15762e-09	-0.683552
1.1587e-09	-0.68826
1.15978e-09	-0.692853
1.16086e-09	-0.697331
1.16194e-09	-0.701691
1.16302e-09	-0.705932
1.1641e-09	-0.710052
1.16518e-09	-0.714051
1.16626e-09	-0.717926
1.16734e-09	-0.721677
1.16842e-09	-0.725301
1.1695e-09	-0.728797
1.17058e-09	-0.732165
1.17166e-09	-0.735401
1.17274e-09	-0.738507
1.17382e-09	-0.741479
1.1749e-09	-0.744316
1.17598e-09	-0.747018
1.17706e-09	-0.749584
1.17814e-09	-0.752011
1.17922e-09	-0.754299
1.1803e-09	-0.756447
1.18138e-09	-0.758453
1.18246e-09	-0.760317
1.18354e-09	-0.762037
1.18462e-09	-0.763613
1.1857e-09	-0.765043
1.18678e-09	-0.766327
1.18786e-09	-0.767463
1.18894e-09	-0.768451
1.19002e-09	-0.769289
1.1911e-09	-0.769978
1.19218e-09	-0.770515
1.19326e-09	-0.770901
1.19434e-09	-0.771135
1.19542e-09	-0.771215
1.19649e-09	-0.771142
1.19757e-09	-0.770914
1.19865e-09	-0.770531
1.19973e-09	-0.769993
1.20081e-09	-0.769298
1.20189e-09	-0.768447
1.20297e-09	-0.767439
1.20405e-09	-0.766273
1.20513e-09	-0.764949
1.20621e-09	-0.763467
1.20729e-09	-0.761827
1.20837e-09	-0.760027
1.20945e-09	-0.758069
1.21053e-09	-0.755951
1.21161e-09	-0.753674
1.21269e-09	-0.751237
1.21377e-09	-0.74864
1.21485e-09	-0.745883
1.21593e-09	-0.742967
1.21701e-09	-0.739891
1.21809e-09	-0.736655
1.21917e-09	-0.733259
1.22025e-09	-0.729704
1.22133e-09	-0.725989
1.22241e-09	-0.722115
1.22349e-09	-0.718082
1.22457e-09	-0.713891
1.22565e-09	-0.709541
1.22673e-09	-0.705033
1.22781e-09	-0.700368
1.22889e-09	-0.695545
1.22997e-09	-0.690566
1.23105e-09	-0.685431
1.23213e-09	-0.68014
1.23321e-09	-0.674694
1.23429e-09	-0.669093
1.23537e-09	-0.663339
1.23645e-09	-0.657432
1.23753e-09	-0.651373
1.23861e-09	-0.645162
1.23969e-09	-0.6388
1.24077e-09	-0.632289
1.24185e-09	-0.625629
1.24293e-09	-0.61882
1.24401e-09	-0.611865
1.24509e-09	-0.604764
1.24617e-09	-0.597518
1.24725e-09	-0.590128
1.24833e-09	-0.582596
1.24941e-09	-0.574922
1.25049e-09	-0.567107
1.25157e-09	-0.559154
1.25265e-09	-0.551063
1.25373e-09	-0.542835
1.25481e-09	-0.534472
1.25589e-09	-0.525975
1.25697e-09	-0.517346
1.25805e-09	-0.508586
1.25913e-09	-0.499697
1.26021e-09	-0.49068
1.26129e-09	-0.481536
1.26237e-09	-0.472268
1.26345e-09	-0.462877
1.26453e-09	-0.453364
1.26561e-09	-0.443731
1.26669e-09	-0.433981
1.26777e-09	-0.424114
1.26885e-09	-0.414133
1.26993e-09	-0.40404
1.27101e-09	-0.393835
1.27209e-09	-0.383522
1.27317e-09	-0.373102
1.27425e-09	-0.362577
1.27533e-09	-0.351949
1.27641e-09	-0.34122
1.27749e-09	-0.330392
1.27856e-09	-0.319467
1.27964e-09	-0.308447
1.28072e-09	-0.297335
1.2818e-09	-0.286133
1.28288e-09	-0.274842
1.28396e-09	-0.263465
1.28504e-09	-0.252004
1.28612e-09	-0.240461
1.2872e-09	-0.228839
1.28828e-09	-0.217141
1.28936e-09	-0.205367
1.29044e-09	-0.193522
1.29152e-09	-0.181606
1.2926e-09	-0.169623
1.29368e-09	-0.157574
1.29476e-09	-0.145464
1.29584e-09	-0.133292
1.29692e-09	-0.121064
1.298e-09	-0.10878
1.29908e-09	-0.0964431
1.30016e-09	-0.0840564
1.30124e-09	-0.071622
1.30232e-09	-0.0591427
1.3034e-09	-0.046621
1.30448e-09	-0.0340595
1.30556e-09	-0.0214609
1.30664e-09	-0.00882773
1.30772e-09	0.0038373
1.3088e-09	0.0165315
1.30988e-09	0.0292523
1.31096e-09	0.0419969
1.31204e-09	0.0547626
1.31312e-09	0.0675467
1.3142e-09	0.0803466
1.31528e-09	0.0931593
1.31636e-09	0.105982
1.31744e-09	0.118813
1.31852e-09	0.131648
1.3196e-09	0.144485
1.32068e-09	0.157322
1.32176e-09	0.170154
1.32284e-09	0.182981
1.32392e-09	0.195798
1.325e-09	0.208603
1.32608e-09	0.221394
1.32716e-09	0.234167
1.32824e-09	0.24692
1.32932e-09	0.259649
1.3304e-09	0.272353
1.33148e-09	0.285028
1.33256e-09	0.297672
1.33364e-09	0.310281
1.33472e-09	0.322854
1.3358e-09	0.335386
1.33688e-09	0.347876
1.33796e-09	0.360321
1.33904e-09	0.372718
1.34012e-09	0.385063
1.3412e-09	0.397356
1.34228e-09	0.409591
1.34336e-09	0.421768
1.34444e-09	0.433883
1.34552e-09	0.445933
1.3466e-09	0.457917
1.34768e-09	0.46983
1.34876e-09	0.481671
1.34984e-09	0.493436
1.35092e-09	0.505124
1.352e-09	0.516731
1.35308e-09	0.528255
1.35416e-09	0.539694
1.35524e-09	0.551044
1.35632e-09	0.562303
1.3574e-09	0.573469
1.35848e-09	0.584539
1.35956e-09	0.59551
1.36063e-09	0.60638
1.36171e-09	0.617147
1.36279e-09	0.627808
1.36387e-09	0.638361
1.36495e-09	0.648803
1.36603e-09	0.659132
1.36711e-09	0.669345
1.36819e-09	0.679441
1.36927e-09	0.689417
1.37035e-09	0.69927
1.37143e-09	0.708998
1.37251e-09	0.7186
1.37359e-09	0.728072
1.37467e-09	0.737414
1.37575e-09	0.746622
1.37683e-09	0.755694
1.37791e-09	0.764629
1.37899e-09	0.773424
1.38007e-09	0.782077
1.38115e-09	0.790587
1.38223e-09	0.798951
1.38331e-09	0.807167
1.38439e-09	0.815234
1.38547e-09	0.823149
1.38655e-09	0.830912
1.38763e-09	0.838519
1.38871e-09	0.84597
1.38979e-09	0.853262
1.39087e-09	0.860394
1.39195e-09	0.867364
1.39303e-09	0.87417
1.39411e-09	0.880812
1.39519e-09	0.887287
1.39627e-09	0.893594
1.39735e-09	0.899732
1.39843e-09	0.905698
1.39951e-09	0.911493
1.40059e-09	0.917113
1.40167e-09	0.922558
1.40275e-09	0.927828
1.40383e-09	0.932919
1.40491e-09	0.937832
1.40599e-09	0.942566
1.40707e-09	0.947118
1.40815e-09	0.951488
1.40923e-09	0.955675
1.41031e-09	0.959678
1.41139e-09	0.963496
1.41247e-09	0.967129
1.41355e-09	0.970575
1.41463e-09	0.973833
1.41571e-09	0.976903
1.41679e-09	0.979784
1.41787e-09	0.982475
1.41895e-09	0.984976
1.42003e-09	0.987286
1.42111e-09	0.989405
1.42219e-09	0.991332
1.42327e-09	0.993067
1.42435e-09	0.994609
1.42543e-09	0.995957
1.42651e-09	0.997113
1.42759e-09	0.998074
1.42867e-09	0.998842
1.42975e-09	0.999416
1.43083e-09	0.999795
1.43191e-09	0.99998
1.43299e-09	0.999971
1.43407e-09	0.999767
1.43515e-09	0.999369
1.43623e-09	0.998777
1.43731e-09	0.997991
1.43839e-09	0.99701
1.43947e-09	0.995836
1.44055e-09	0.994469
1.44163e-09	0.992909
1.44271e-09	0.991156
1.44378e-09	0.98921
1.44486e-09	0.987073
1.44594e-09	0.984745
1.44702e-09	0.982225
1.4481e-09	0.979516
1.44918e-09	0.976617
1.45026e-09	0.973528
1.45134e-09	0.970252
1.45242e-09	0.966789
1.4535e-09	0.963138
1.45458e-09	0.959302
1.45566e-09	0.955281
1.45674e-09	0.951077
1.45782e-09	0.946689
1.4589e-09	0.942119
1.45998e-09	0.937369
1.46106e-09	0.932439
1.46214e-09	0.92733
1.46322e-09	0.922044
1.4643e-09	0.916582
1.46538e-09	0.910944
1.46646e-09	0.905134
1.46754e-09	0.899151
1.46862e-09	0.892997
1.4697e-09	0.886674
1.47078e-09	0.880182
1.47186e-09	0.873525
1.47294e-09	0.866702
1.47402e-09	0.859717
1.4751e-09	0.852569
1.47618e-09	0.845262
1.47726e-09	0.837796
1.47834e-09	0.830174
1.47942e-09	0.822397
1.4805e-09	0.814467
1.48158e-09	0.806385
1.48266e-09	0.798155
1.48374e-09	0.789777
1.48482e-09	0.781253
1.4859e-09	0.772586
1.48698e-09	0.763778
1.48806e-09	0.75483
1.48914e-09	0.745744
1.49022e-09	0.736524
1.4913e-09	0.72717
1.49238e-09	0.717685
1.49346e-09	0.708071
1.49454e-09	0.69833
1.49562e-09	0.688465
1.4967e-09	0.678478
1.49778e-09	0.668371
1.49886e-09	0.658146
1.49994e-09	0.647806
1.50102e-09	0.637354
1.5021e-09	0.626791
1.50318e-09	0.616119
1.50426e-09	0.605342
1.50534e-09	0.594462
1.50642e-09	0.583481
1.5075e-09	0.572402
1.50858e-09	0.561227
1.50966e-09	0.549959
1.51074e-09	0.538601
1.51182e-09	0.527154
1.5129e-09	0.515622
1.51398e-09	0.504007
1.51506e-09	0.492311
1.51614e-09	0.480538
1.51722e-09	0.468691
1.5183e-09	0.45677
1.51938e-09	0.444781
1.52046e-09	0.432724
1.52154e-09	0.420603
1.52262e-09	0.40842
1.5237e-09	0.396179
1.52478e-09	0.383882
1.52585e-09	0.371531
1.52693e-09	0.35913
1.52801e-09	0.34668
1.52909e-09	0.334186
1.53017e-09	0.32165
1.53125e-09	0.309074
1.53233e-09	0.296461
1.53341e-09	0.283814
1.53449e-09	0.271136
1.53557e-09	0.258429
1.53665e-09	0.245697
1.53773e-09	0.232943
1.53881e-09	0.220168
1.53989e-09	0.207376
1.54097e-09	0.194569
1.54205e-09	0.181751
1.54313e-09	0.168924
1.54421e-09	0.156091
1.54529e-09	0.143254
1.54637e-09	0.130417
1.54745e-09	0.117582
1.54853e-09	0.104752
1.54961e-09	0.09193
1.55069e-09	0.0791184
1.55177e-09	0.0663199
1.55285e-09	0.0535374
1.55393e-09	0.0407736
1.55501e-09	0.0280312
1.55609e-09	0.0153129
1.55717e-09	0.00262134
1.55825e-09	-0.0100407
1.55933e-09	-0.0226707
1.56041e-09	-0.0352659
1.56149e-09	-0.0478237
1.56257e-09	-0.0603415
1.56365e-09	-0.0728166
1.56473e-09	-0.0852464
1.56581e-09	-0.0976285
1.56689e-09	-0.10996
1.56797e-09	-0.122239
1.56905e-09	-0.134462
1.57013e-09	-0.146628
1.57121e-09	-0.158733
1.57229e-09	-0.170775
1.57337e-09	-0.182752
1.57445e-09	-0.194661
1.57553e-09	-0.2065
1.57661e-09	-0.218266
1.57769e-09	-0.229957
1.57877e-09	-0.241572
1.57985e-09	-0.253106
1.58093e-09	-0.264559
1.58201e-09	-0.275928
1.58309e-09	-0.287211
1.58417e-09	-0.298405
1.58525e-09	-0.309508
1.58633e-09	-0.320519
1.58741e-09	-0.331435
1.58849e-09	-0.342253
1.58957e-09	-0.352973
1.59065e-09	-0.363591
1.59173e-09	-0.374106
1.59281e-09	-0.384516
1.59389e-09	-0.394819
1.59497e-09	-0.405013
1.59605e-09	-0.415096
1.59713e-09	-0.425066
1.59821e-09	-0.434921
1.59929e-09	-0.44466
1.60037e-09	-0.454281
1.60145e-09	-0.463783
1.60253e-09	-0.473162
1.60361e-09	-0.482418
1.60469e-09	-0.49155
1.60577e-09	-0.500555
1.60685e-09	-0.509432
1.60792e-09	-0.518179
1.609e-09	-0.526796
1.61008e-09	-0.53528
1.61116e-09	-0.54363
1.61224e-09	-0.551844
1.61332e-09	-0.559923
1.6144e-09	-0.567863
1.61548e-09	-0.575664
1.61656e-09	-0.583324
1.61764e-09	-0.590843
1.61872e-09	-0.598219
1.6198e-09	-0.605452
1.62088e-09	-0.612539
1.62196e-09	-0.61948
1.62304e-09	-0.626274
1.62412e-09	-0.63292
1.6252e-09	-0.639417
1.62628e-09	-0.645764
1.62736e-09	-0.65196
1.62844e-09	-0.658005
1.62952e-09	-0.663898
1.6306e-09	-0.669637
1.63168e-09	-0.675223
1.63276e-09	-0.680654
1.63384e-09	-0.68593
1.63492e-09	-0.69105
1.636e-09	-0.696015
1.63708e-09	-0.700822
1.63816e-09	-0.705472
1.63924e-09	-0.709965
1.64032e-09	-0.7143
1.6414e-09	-0.718476
1.64248e-09	-0.722493
1.64356e-09	-0.726352
1.64464e-09	-0.730051
1.64572e-09	-0.733591
1.6468e-09	-0.736972
1.64788e-09	-0.740193
1.64896e-09	-0.743253
1.65004e-09	-0.746155
1.65112e-09	-0.748896
1.6522e-09	-0.751477
1.65328e-09	-0.753899
1.65436e-09	-0.756161
1.65544e-09	-0.758264
1.65652e-09	-0.760207
1.6576e-09	-0.761991
1.65868e-09	-0.763616
1.65976e-09	-0.765083
1.66084e-09	-0.766392
1.66192e-09	-0.767542
1.663e-09	-0.768535
1.66408e-09	-0.769371
1.66516e-09	-0.770051
1.66624e-09	-0.770574
1.66732e-09	-0.770942
1.6684e-09	-0.771155
1.66948e-09	-0.771214
1.67056e-09	-0.771119
1.67164e-09	-0.770871
1.67272e-09	-0.77047
1.6738e-09	-0.769918
1.67488e-09	-0.769215
1.67596e-09	-0.768362
1.67704e-09	-0.76736
1.67812e-09	-0.76621
1.6792e-09	-0.764912
1.68028e-09	-0.763468
1.68136e-09	-0.761879
1.68244e-09	-0.760144
1.68352e-09	-0.758267
1.6846e-09	-0.756247
1.68568e-09	-0.754086
1.68676e-09	-0.751784
1.68784e-09	-0.749344
1.68892e-09	-0.746765
1.69e-09	-0.74405
1.69107e-09	-0.741199
1.69215e-09	-0.738214
1.69323e-09	-0.735097
1.69431e-09	-0.731847
1.69539e-09	-0.728468
1.69647e-09	-0.724959
1.69755e-09	-0.721323
1.69863e-09	-0.71756
1.69971e-09	-0.713673
1.70079e-09	-0.709663
1.70187e-09	-0.70553
1.70295e-09	-0.701278
1.70403e-09	-0.696906
1.70511e-09	-0.692418
1.70619e-09	-0.687813
1.70727e-09	-0.683095
1.70835e-09	-0.678263
1.70943e-09	-0.673321
1.71051e-09	-0.66827
1.71159e-09	-0.663111
1.71267e-09	-0.657846
1.71375e-09	-0.652477
1.71483e-09	-0.647005
1.71591e-09	-0.641433
1.71699e-09	-0.635761
1.71807e-09	-0.629992
1.71915e-09	-0.624128
1.72023e-09	-0.618169
1.72131e-09	-0.612119
1.72239e-09	-0.605978
1.72347e-09	-0.599749
1.72455e-09	-0.593434
1.72563e-09	-0.587034
1.72671e-09	-0.580551
1.72779e-09	-0.573987
1.72887e-09	-0.567343
1.72995e-09	-0.560623
1.73103e-09	-0.553827
1.73211e-09	-0.546958
1.73319e-09	-0.540018
1.73427e-09	-0.533008
1.73535e-09	-0.52593
1.73643e-09	-0.518786
1.73751e-09	-0.511579
1.73859e-09	-0.504309
1.73967e-09	-0.49698
1.74075e-09	-0.489593
1.74183e-09	-0.48215
1.74291e-09	-0.474653
1.74399e-09	-0.467103
1.74507e-09	-0.459504
1.74615e-09	-0.451856
1.74723e-09	-0.444162
1.74831e-09	-0.436424
1.74939e-09	-0.428644
1.75047e-09	-0.420823
1.75155e-09	-0.412964
1.75263e-09	-0.405068
1.75371e-09	-0.397138
1.75479e-09	-0.389176
1.75587e-09	-0.381182
1.75695e-09	-0.373161
1.75803e-09	-0.365113
1.75911e-09	-0.35704
1.76019e-09	-0.348944
1.76127e-09	-0.340827
1.76235e-09	-0.332692
1.76343e-09	-0.324539
1.76451e-09	-0.316371
1.76559e-09	-0.308191
1.76667e-09	-0.299999
1.76775e-09	-0.291797
1.76883e-09	-0.283588
1.76991e-09	-0.275373
1.77099e-09	-0.267155
1.77207e-09	-0.258934
1.77314e-09	-0.250714
1.77422e-09	-0.242495
1.7753e-09	-0.23428
1.77638e-09	-0.22607
1.77746e-09	-0.217867
1.77854e-09	-0.209673
1.77962e-09	-0.20149
1.7807e-09	-0.193319
1.78178e-09	-0.185163
1.78286e-09	-0.177022
1.78394e-09	-0.168899
1.78502e-09	-0.160796
1.7861e-09	-0.152713
1.78718e-09	-0.144653
1.78826e-09	-0.136618
1.78934e-09	-0.128608
1.79042e-09	-0.120626
1.7915e-09	-0.112673
1.79258e-09	-0.104751
1.79366e-09	-0.0968619
1.79474e-09	-0.0890063
1.79582e-09	-0.0811861
1.7969e-09	-0.0734029
1.79798e-09	-0.0656582
1.79906e-09	-0.0579534
1.80014e-09	-0.0502901
1.80122e-09	-0.0426696
1.8023e-09	-0.0350934
1.80338e-09	-0.0275629
1.80446e-09	-0.0200795
1.80554e-09	-0.0126445
1.80662e-09	-0.0052593
1.8077e-09	0.00207483
1.80878e-09	0.00935656
1.80986e-09	0.0165846
1.81094e-09	0.0237577
1.81202e-09	0.0308747
1.8131e-09	0.0379343
1.81418e-09	0.0449352
1.81526e-09	0.0518765
1.81634e-09	0.0587568
1.81742e-09	0.0655751
1.8185e-09	0.0723303
1.81958e-09	0.0790213
1.82066e-09	0.085647
1.82174e-09	0.0922064
1.82282e-09	0.0986985
1.8239e-09	0.105122
1.82498e-09	0.111477
1.82606e-09	0.117761
1.82714e-09	0.123974
1.82822e-09	0.130115
1.8293e-09	0.136184
1.83038e-09	0.142178
1.83146e-09	0.148098
1.83254e-09	0.153942
1.83362e-09	0.159711
1.8347e-09	0.165402
1.83578e-09	0.171016
1.83686e-09	0.176551
1.83794e-09	0.182008
1.83902e-09	0.187385
1.8401e-09	0.192681
1.84118e-09	0.197897
1.84226e-09	0.203031
1.84334e-09	0.208082
1.84442e-09	0.213052
1.8455e-09	0.217938
1.84658e-09	0.222741
1.84766e-09	0.227459
1.84874e-09	0.232093
1.84982e-09	0.236642
1.8509e-09	0.241106
1.85198e-09	0.245484
1.85306e-09	0.249775
1.85414e-09	0.253981
1.85521e-09	0.2581
1.85629e-09	0.262132
1.85737e-09	0.266076
1.85845e-09	0.269934
1.85953e-09	0.273703
1.86061e-09	0.277385
1.86169e-09	0.280979
1.86277e-09	0.284484
1.86385e-09	0.287902
1.86493e-09	0.291231
1.86601e-09	0.294471
1.86709e-09	0.297624
1.86817e-09	0.300687
1.86925e-09	0.303662
1.87033e-09	0.306549
1.87141e-09	0.309347
1.87249e-09	0.312057
1.87357e-09	0.314679
1.87465e-09	0.317212
1.87573e-09	0.319657
1.87681e-09	0.322014
1.87789e-09	0.324284
1.87897e-09	0.326466
1.88005e-09	0.32856
1.88113e-09	0.330568
1.88221e-09	0.332488
1.88329e-09	0.334322
1.88437e-09	0.336069
1.88545e-09	0.337731
1.88653e-09	0.339306
1.88761e-09	0.340796
1.88869e-09	0.342201
1.88977e-09	0.343522
1.89085e-09	0.344758
1.89193e-09	0.34591
1.89301e-09	0.346979
1.89409e-09	0.347964
1.89517e-09	0.348868
1.89625e-09	0.349689
1.89733e-09	0.350428
1.89841e-09	0.351087
1.89949e-09	0.351665
1.90057e-09	0.352162
1.90165e-09	0.352581
1.90273e-09	0.352921
1.90381e-09	0.353182
1.90489e-09	0.353365
1.90597e-09	0.353472
1.90705e-09	0.353502
1.90813e-09	0.353456
1.90921e-09	0.353336
1.91029e-09	0.35314
1.91137e-09	0.352871
1.91245e-09	0.352529
1.91353e-09	0.352115
1.91461e-09	0.351629
1.91569e-09	0.351072
1.91677e-09	0.350444
1.91785e-09	0.349748
1.91893e-09	0.348983
1.92001e-09	0.348149
1.92109e-09	0.347249
1.92217e-09	0.346283
1.92325e-09	0.34525
1.92433e-09	0.344154
1.92541e-09	0.342993
1.92649e-09	0.34177
1.92757e-09	0.340484
1.92865e-09	0.339137
1.92973e-09	0.337729
1.93081e-09	0.336262
1.93189e-09	0.334736
1.93297e-09	0.333153
1.93405e-09	0.331512
1.93513e-09	0.329815
1.93621e-09	0.328063
1.93729e-09	0.326257
1.93836e-09	0.324398
1.93944e-09	0.322486
1.94052e-09	0.320522
1.9416e-09	0.318508
1.94268e-09	0.316445
1.94376e-09	0.314332
1.94484e-09	0.312172
1.94592e-09	0.309965
1.947e-09	0.307712
1.94808e-09	0.305414
1.94916e-09	0.303073
1.95024e-09	0.300688
1.95132e-09	0.298261
1.9524e-09	0.295793
1.95348e-09	0.293285
1.95456e-09	0.290737
1.95564e-09	0.288152
1.95672e-09	0.285529
1.9578e-09	0.28287
1.95888e-09	0.280175
1.95996e-09	0.277446
1.96104e-09	0.274684
1.96212e-09	0.271889
1.9632e-09	0.269063
1.96428e-09	0.266206
1.96536e-09	0.26332
1.96644e-09	0.260405
1.96752e-09	0.257462
1.9686e-09	0.254493
1.96968e-09	0.251498
1.97076e-09	0.248478
1.97184e-09	0.245435
1.97292e-09	0.242368
1.974e-09	0.23928
1.97508e-09	0.23617
1.97616e-09	0.233041
1.97724e-09	0.229892
1.97832e-09	0.226725
1.9794e-09	0.223541
1.98048e-09	0.22034
1.98156e-09	0.217124
1.98264e-09	0.213894
1.98372e-09	0.21065
1.9848e-09	0.207393
1.98588e-09	0.204124
1.98696e-09	0.200844
1.98804e-09	0.197554
1.98912e-09	0.194255
1.9902e-09	0.190948
1.99128e-09	0.187633
1.99236e-09	0.184312
1.99344e-09	0.180985
1.99452e-09	0.177653
1.9956e-09	0.174317
1.99668e-09	0.170978
1.99776e-09	0.167636
1.99884e-09	0.164293
1.99992e-09	0.160949
2.001e-09	0.157605
2.00208e-09	0.154262
2.00316e-09	0.15092
2.00424e-09	0.147581
2.00532e-09	0.144245
2.0064e-09	0.140913
2.00748e-09	0.137585
2.00856e-09	0.134263
2.00964e-09	0.130947
2.01072e-09	0.127638
2.0118e-09	0.124337
2.01288e-09	0.121043
2.01396e-09	0.117759
2.01504e-09	0.114485
2.01612e-09	0.11122
2.0172e-09	0.107967
2.01828e-09	0.104726
2.01936e-09	0.101496
2.02043e-09	0.0982802
2.02151e-09	0.0950775
2.02259e-09	0.0918892
2.02367e-09	0.0887156
2.02475e-09	0.0855575
2.02583e-09	0.0824154
2.02691e-09	0.07929
2.02799e-09	0.0761817
2.02907e-09	0.0730912
2.03015e-09	0.0700189
2.03123e-09	0.0669655
2.03231e-09	0.0639315
2.03339e-09	0.0609173
2.03447e-09	0.0579236
2.03555e-09	0.0549507
2.03663e-09	0.0519992
2.03771e-09	0.0490695
2.03879e-09	0.0461622
2.03987e-09	0.0432777
2.04095e-09	0.0404163
2.04203e-09	0.0375787
2.04311e-09	0.0347651
2.04419e-09	0.031976
2.04527e-09	0.0292118
2.04635e-09	0.0264729
2.04743e-09	0.0237596
2.04851e-09	0.0210724
2.04959e-09	0.0184116
2.05067e-09	0.0157776
2.05175e-09	0.0131706
2.05283e-09	0.0105911
2.05391e-09	0.00803931
2.05499e-09	0.00551555
2.05607e-09	0.00302013
2.05715e-09	0.000553346
2.05823e-09	-0.00188454
2.05931e-09	-0.00429326
2.06039e-09	-0.00667256
2.06147e-09	-0.00902219
2.06255e-09	-0.0113419
2.06363e-09	-0.0136315
2.06471e-09	-0.0158908
2.06579e-09	-0.0181195
2.06687e-09	-0.0203175
2.06795e-09	-0.0224845
2.06903e-09	-0.0246205
2.07011e-09	-0.0267252
2.07119e-09	-0.0287985
2.07227e-09	-0.0308403
2.07335e-09	-0.0328503
2.07443e-09	-0.0348286
2.07551e-09	-0.0367749
2.07659e-09	-0.0386892
2.07767e-09	-0.0405713
2.07875e-09	-0.0424213
2.07983e-09	-0.0442389
2.08091e-09	-0.0460242
2.08199e-09	-0.047777
2.08307e-09	-0.0494974
2.08415e-09	-0.0511853
2.08523e-09	-0.0528406
2.08631e-09	-0.0544634
2.08739e-09	-0.0560536
2.08847e-09	-0.0576112
2.08955e-09	-0.0591362
2.09063e-09	-0.0606287
2.09171e-09	-0.0620886
2.09279e-09	-0.0635159
2.09387e-09	-0.0649108
2.09495e-09	-0.0662733
2.09603e-09	-0.0676033
2.09711e-09	-0.068901
2.09819e-09	-0.0701665
2.09927e-09	-0.0713997
2.10035e-09	-0.0726009
2.10143e-09	-0.07377
2.10251e-09	-0.0749072
2.10358e-09	-0.0760126
2.10466e-09	-0.0770863
2.10574e-09	-0.0781285
2.10682e-09	-0.0791391
2.1079e-09	-0.0801184
2.10898e-09	-0.0810666
2.11006e-09	-0.0819837
2.11114e-09	-0.0828699
2.11222e-09	-0.0837253
2.1133e-09	-0.0845502
2.11438e-09	-0.0853447
2.11546e-09	-0.086109
2.11654e-09	-0.0868433
2.11762e-09	-0.0875477
2.1187e-09	-0.0882224
2.11978e-09	-0.0888676
2.12086e-09	-0.0894837
2.12194e-09	-0.0900706
2.12302e-09	-0.0906288
2.1241e-09	-0.0911583
2.12518e-09	-0.0916594
2.12626e-09	-0.0921324
2.12734e-09	-0.0925775
2.12842e-09	-0.0929949
2.1295e-09	-0.0933848
2.13058e-09	-0.0937475
2.13166e-09	-0.0940833
2.13274e-09	-0.0943924
2.13382e-09	-0.0946751
2.1349e-09	-0.0949316
2.13598e-09	-0.0951623
2.13706e-09	-0.0953673
2.13814e-09	-0.0955469
2.13922e-09	-0.0957014
2.1403e-09	-0.0958312
2.14138e-09	-0.0959365
2.14246e-09	-0.0960175
2.14354e-09	-0.0960746
2.14462e-09	-0.096108
2.1457e-09	-0.0961181
2.14678e-09	-0.0961051
2.14786e-09	-0.0960694
2.14894e-09	-0.0960113
2.15002e-09	-0.095931
2.1511e-09	-0.0958288
2.15218e-09	-0.0957051
2.15326e-09	-0.0955602
2.15434e-09	-0.0953944
2.15542e-09	-0.095208
2.1565e-09	-0.0950013
2.15758e-09	-0.0947747
2.15866e-09	-0.0945284
2.15974e-09	-0.0942628
2.16082e-09	-0.0939782
2.1619e-09	-0.0936749
2.16298e-09	-0.0933532
2.16406e-09	-0.0930135
2.16514e-09	-0.0926561
2.16622e-09	-0.0922812
2.1673e-09	-0.0918894
2.16838e-09	-0.0914807
2.16946e-09	-0.0910557
2.17054e-09	-0.0906146
2.17162e-09	-0.0901577
2.1727e-09	-0.0896854
2.17378e-09	-0.0891979
2.17486e-09	-0.0886957
2.17594e-09	-0.088179
2.17702e-09	-0.0876482
2.1781e-09	-0.0871035
2.17918e-09	-0.0865454
2.18026e-09	-0.0859741
2.18134e-09	-0.08539
2.18242e-09	-0.0847934
2.1835e-09	-0.0841845
2.18458e-09	-0.0835638
2.18565e-09	-0.0829315
2.18673e-09	-0.082288
2.18781e-09	-0.0816336
2.18889e-09	-0.0809685
2.18997e-09	-0.0802932
2.19105e-09	-0.0796079
2.19213e-09	-0.0789129
2.19321e-09	-0.0782086
2.19429e-09	-0.0774952
2.19537e-09	-0.0767731
2.19645e-09	-0.0760426
2.19753e-09	-0.0753039
2.19861e-09	-0.0745574
2.19969e-09	-0.0738034
2.20077e-09	-0.0730421
2.20185e-09	-0.0722739
2.20293e-09	-0.0714991
2.20401e-09	-0.0707179
2.20509e-09	-0.0699307
2.20617e-09	-0.0691377
2.20725e-09	-0.0683392
2.20833e-09	-0.0675355
2.20941e-09	-0.0667268
2.21049e-09	-0.0659136
2.21157e-09	-0.0650959
2.21265e-09	-0.0642742
2.21373e-09	-0.0634486
2.21481e-09	-0.0626195
2.21589e-09	-0.061787
2.21697e-09	-0.0609516
2.21805e-09	-0.0601133
2.21913e-09	-0.0592726
2.22021e-09	-0.0584296
2.22129e-09	-0.0575845
2.22237e-09	-0.0567377
2.22345e-09	-0.0558894
2.22453e-09	-0.0550398
2.22561e-09	-0.0541892
2.22669e-09	-0.0533378
2.22777e-09	-0.0524858
2.22885e-09	-0.0516334
2.22993e-09	-0.050781
2.23101e-09	-0.0499286
2.23209e-09	-0.0490766
2.23317e-09	-0.0482252
2.23425e-09	-0.0473745
2.23533e-09	-0.0465247
2.23641e-09	-0.0456762
2.23749e-09	-0.044829
2.23857e-09	-0.0439835
2.23965e-09	-0.0431397
2.24073e-09	-0.0422979
2.24181e-09	-0.0414583
2.24289e-09	-0.040621
2.24397e-09	-0.0397863
2.24505e-09	-0.0389544
2.24613e-09	-0.0381253
2.24721e-09	-0.0372993
2.24829e-09	-0.0364766
2.24937e-09	-0.0356573
2.25045e-09	-0.0348415
2.25153e-09	-0.0340296
2.25261e-09	-0.0332215
2.25369e-09	-0.0324175
2.25477e-09	-0.0316177
2.25585e-09	-0.0308223
2.25693e-09	-0.0300314
2.25801e-09	-0.0292451
2.25909e-09	-0.0284636
2.26017e-09	-0.0276871
2.26125e-09	-0.0269156
2.26233e-09	-0.0261493
2.26341e-09	-0.0253883
2.26449e-09	-0.0246327
2.26557e-09	-0.0238827
2.26665e-09	-0.0231383
2.26772e-09	-0.0223997
2.2688e-09	-0.021667
2.26988e-09	-0.0209403
2.27096e-09	-0.0202197
2.27204e-09	-0.0195053
2.27312e-09	-0.0187972
2.2742e-09	-0.0180955
2.27528e-09	-0.0174002
2.27636e-09	-0.0167115
2.27744e-09	-0.0160294
2.27852e-09	-0.0153541
2.2796e-09	-0.0146855
2.28068e-09	-0.0140239
2.28176e-09	-0.0133692
2.28284e-09	-0.0127215
2.28392e-09	-0.0120808
2.285e-09	-0.0114474
2.28608e-09	-0.0108211
2.28716e-09	-0.0102021
2.28824e-09	-0.00959039
2.28932e-09	-0.00898605
2.2904e-09	-0.00838913
2.29148e-09	-0.00779967
2.29256e-09	-0.00721771
2.29364e-09	-0.00664329
2.29472e-09	-0.00607645
2.2958e-09	-0.00551722
2.29688e-09	-0.00496564
2.29796e-09	-0.00442173
2.29904e-09	-0.00388552
2.30012e-09	-0.00335703
2.3012e-09	-0.00283629
2.30228e-09	-0.00232331
2.30336e-09	-0.00181812
2.30444e-09	-0.00132072
2.30552e-09	-0.000831127
2.3066e-09	-0.00034935
2.30768e-09	0.000124603
2.30876e-09	0.000590728
2.30984e-09	0.00104902
2.31092e-09	0.00149949
2.312e-09	0.00194212
2.31308e-09	0.00237694
2.31416e-09	0.00280393
2.31524e-09	0.00322312
2.31632e-09	0.0036345
2.3174e-09	0.0040381
2.31848e-09	0.00443393
2.31956e-09	0.00482201
2.32064e-09	0.00520235
2.32172e-09	0.00557497
2.3228e-09	0.0059399
2.32388e-09	0.00629716
2.32496e-09	0.00664678
2.32604e-09	0.00698879
2.32712e-09	0.0073232
2.3282e-09	0.00765007
2.32928e-09	0.00796941
2.33036e-09	0.00828126
2.33144e-09	0.00858567
2.33252e-09	0.00888265
2.3336e-09	0.00917227
2.33468e-09	0.00945455
2.33576e-09	0.00972954
2.33684e-09	0.00999728
2.33792e-09	0.0102578
2.339e-09	0.0105112
2.34008e-09	0.0107575
2.34116e-09	0.0109967
2.34224e-09	0.0112289
2.34332e-09	0.0114541
2.3444e-09	0.0116724
2.34548e-09	0.0118839
2.34656e-09	0.0120886
2.34764e-09	0.0122865
2.34872e-09	0.0124778
2.3498e-09	0.0126624
2.35087e-09	0.0128405
2.35195e-09	0.013012
2.35303e-09	0.0131771
2.35411e-09	0.0133358
2.35519e-09	0.0134882
2.35627e-09	0.0136343
2.35735e-09	0.0137742
2.35843e-09	0.013908
2.35951e-09	0.0140357
2.36059e-09	0.0141575
2.36167e-09	0.0142732
2.36275e-09	0.0143832
2.36383e-09	0.0144873
2.36491e-09	0.0145857
2.36599e-09	0.0146784
2.36707e-09	0.0147655
2.36815e-09	0.0148471
2.36923e-09	0.0149233
2.37031e-09	0.0149941
2.37139e-09	0.0150595
2.37247e-09	0.0151198
2.37355e-09	0.0151748
2.37463e-09	0.0152248
2.37571e-09	0.0152698
2.37679e-09	0.0153098
2.37787e-09	0.0153449
2.37895e-09	0.0153753
2.38003e-09	0.0154009
2.38111e-09	0.0154218
2.38219e-09	0.0154382
2.38327e-09	0.0154501
2.38435e-09	0.0154575
2.38543e-09	0.0154606
2.38651e-09	0.0154594
2.38759e-09	0.015454
2.38867e-09	0.0154445
2.38975e-09	0.0154309
2.39083e-09	0.0154133
2.39191e-09	0.0153918
2.39299e-09	0.0153665
2.39407e-09	0.0153374
2.39515e-09	0.0153046
2.39623e-09	0.0152682
2.39731e-09	0.0152282
2.39839e-09	0.0151848
2.39947e-09	0.015138
2.40055e-09	0.0150879
2.40163e-09	0.0150345
2.40271e-09	0.0149779
2.40379e-09	0.0149182
2.40487e-09	0.0148555
2.40595e-09	0.0147898
2.40703e-09	0.0147212
2.40811e-09	0.0146498
2.40919e-09	0.0145757
2.41027e-09	0.0144989
2.41135e-09	0.0144194
2.41243e-09	0.0143374
2.41351e-09	0.0142529
2.41459e-09	0.014166
2.41567e-09	0.0140768
2.41675e-09	0.0139853
2.41783e-09	0.0138916
2.41891e-09	0.0137958
2.41999e-09	0.0136978
2.42107e-09	0.0135979
2.42215e-09	0.013496
2.42323e-09	0.0133923
2.42431e-09	0.0132867
2.42539e-09	0.0131794
2.42647e-09	0.0130703
2.42755e-09	0.0129597
2.42863e-09	0.0128475
2.42971e-09	0.0127337
2.43079e-09	0.0126185
2.43187e-09	0.012502
2.43294e-09	0.0123841
2.43402e-09	0.0122649
2.4351e-09	0.0121445
2.43618e-09	0.0120229
2.43726e-09	0.0119003
2.43834e-09	0.0117766
2.43942e-09	0.0116519
2.4405e-09	0.0115263
2.44158e-09	0.0113998
2.44266e-09	0.0112724
2.44374e-09	0.0111443
2.44482e-09	0.0110155
2.4459e-09	0.0108859
2.44698e-09	0.0107558
2.44806e-09	0.0106251
2.44914e-09	0.0104938
2.45022e-09	0.0103621
2.4513e-09	0.0102299
2.45238e-09	0.0100974
2.45346e-09	0.00996447
2.45454e-09	0.00983128
2.45562e-09	0.00969784
2.4567e-09	0.0095642
2.45778e-09	0.00943039
2.45886e-09	0.00929645
2.45994e-09	0.00916244
2.46102e-09	0.00902839
2.4621e-09	0.00889434
2.46318e-09	0.00876032
2.46426e-09	0.00862639
2.46534e-09	0.00849257
2.46642e-09	0.00835891
2.4675e-09	0.00822543
2.46858e-09	0.00809219
2.46966e-09	0.0079592
2.47074e-09	0.00782651
2.47182e-09	0.00769414
2.4729e-09	0.00756214
2.47398e-09	0.00743053
2.47506e-09	0.00729935
2.47614e-09	0.00716862
2.47722e-09	0.00703838
2.4783e-09	0.00690866
2.47938e-09	0.00677948
2.48046e-09	0.00665087
2.48154e-09	0.00652286
2.48262e-09	0.00639548
2.4837e-09	0.00626875
2.48478e-09	0.0061427
2.48586e-09	0.00601734
2.48694e-09	0.00589272
2.48802e-09	0.00576884
2.4891e-09	0.00564574
2.49018e-09	0.00552343
2.49126e-09	0.00540193
2.49234e-09	0.00528127
2.49342e-09	0.00516147
2.4945e-09	0.00504254
2.49558e-09	0.0049245
2.49666e-09	0.00480738
2.49774e-09	0.00469118
2.49882e-09	0.00457593
2.4999e-09	0.00446165
2.50098e-09	0.00434834
2.50206e-09	0.00423602
2.50314e-09	0.00412471
2.50422e-09	0.00401443
2.5053e-09	0.00390518
2.50638e-09	0.00379698
2.50746e-09	0.00368983
2.50854e-09	0.00358376
2.50962e-09	0.00347877
2.5107e-09	0.00337488
2.51178e-09	0.00327208
2.51286e-09	0.00317041
2.51394e-09	0.00306985
2.51501e-09	0.00297042
2.51609e-09	0.00287213
2.51717e-09	0.00277498
2.51825e-09	0.00267899
2.51933e-09	0.00258416
2.52041e-09	0.00249049
2.52149e-09	0.00239799
2.52257e-09	0.00230667
2.52365e-09	0.00221653
2.52473e-09	0.00212757
2.52581e-09	0.00203979
2.52689e-09	0.00195321
2.52797e-09	0.00186782
2.52905e-09	0.00178363
2.53013e-09	0.00170064
2.53121e-09	0.00161884
2.53229e-09	0.00153825
2.53337e-09	0.00145885
2.53445e-09	0.00138066
2.53553e-09	0.00130367
2.53661e-09	0.00122788
2.53769e-09	0.00115329
2.53877e-09	0.0010799
2.53985e-09	0.0010077
2.54093e-09	0.000936706
2.54201e-09	0.000866901
2.54309e-09	0.000798286
2.54417e-09	0.00073086
2.54525e-09	0.000664618
2.54633e-09	0.000599557
2.54741e-09	0.000535674
2.54849e-09	0.000472964
2.54957e-09	0.000411423
2.55065e-09	0.000351046
2.55173e-09	0.000291829
2.55281e-09	0.000233765
2.55389e-09	0.000176851
2.55497e-09	0.000121079
2.55605e-09	6.64437e-05
2.55713e-09	1.29394e-05
2.55821e-09	-3.94407e-05
2.55929e-09	-9.07033e-05
2.56037e-09	-0.000140855
2.56145e-09	-0.000189904
2.56253e-09	-0.000237856
2.56361e-09	-0.00028472
2.56469e-09	-0.000330503
2.56577e-09	-0.000375213
2.56685e-09	-0.000418858
2.56793e-09	-0.000461446
2.56901e-09	-0.000502987
2.57009e-09	-0.000543488
2.57117e-09	-0.000582958
2.57225e-09	-0.000621407
2.57333e-09	-0.000658843
2.57441e-09	-0.000695275
2.57549e-09	-0.000730714
2.57657e-09	-0.000765168
2.57765e-09	-0.000798647
2.57873e-09	-0.00083116
2.57981e-09	-0.000862719
2.58089e-09	-0.000893332
2.58197e-09	-0.000923009
2.58305e-09	-0.000951762
2.58413e-09	-0.000979599
2.58521e-09	-0.00100653
2.58629e-09	-0.00103257
2.58737e-09	-0.00105773
2.58845e-09	-0.00108201
2.58953e-09	-0.00110543
2.59061e-09	-0.00112799
2.59169e-09	-0.00114972
2.59277e-09	-0.00117062
2.59385e-09	-0.00119069
2.59493e-09	-0.00120996
2.59601e-09	-0.00122843
2.59709e-09	-0.00124612
2.59816e-09	-0.00126303
2.59924e-09	-0.00127917
2.60032e-09	-0.00129456
2.6014e-09	-0.00130921
2.60248e-09	-0.00132313
2.60356e-09	-0.00133632
2.60464e-09	-0.00134881
2.60572e-09	-0.0013606
2.6068e-09	-0.0013717
2.60788e-09	-0.00138213
2.60896e-09	-0.00139189
2.61004e-09	-0.001401
2.61112e-09	-0.00140946
2.6122e-09	-0.0014173
2.61328e-09	-0.00142451
2.61436e-09	-0.00143111
2.61544e-09	-0.00143712
2.61652e-09	-0.00144253
2.6176e-09	-0.00144737
2.61868e-09	-0.00145165
2.61976e-09	-0.00145537
2.62084e-09	-0.00145854
2.62192e-09	-0.00146118
2.623e-09	-0.0014633
2.62408e-09	-0.0014649
2.62516e-09	-0.001466
2.62624e-09	-0.00146661
2.62732e-09	-0.00146674
2.6284e-09	-0.0014664
2.62948e-09	-0.0014656
2.63056e-09	-0.00146435
2.63164e-09	-0.00146266
2.63272e-09	-0.00146054
2.6338e-09	-0.001458
2.63488e-09	-0.00145505
2.63596e-09	-0.0014517
2.63704e-09	-0.00144795
2.63812e-09	-0.00144383
2.6392e-09	-0.00143934
2.64028e-09	-0.00143449
2.64136e-09	-0.00142929
2.64244e-09	-0.00142374
2.64352e-09	-0.00141786
2.6446e-09	-0.00141166
2.64568e-09	-0.00140514
2.64676e-09	-0.00139832
2.64784e-09	-0.0013912
2.64892e-09	-0.00138379
2.65e-09	-0.00137611
2.65108e-09	-0.00136815
2.65216e-09	-0.00135994
2.65324e-09	-0.00135147
2.65432e-09	-0.00134275
2.6554e-09	-0.0013338
2.65648e-09	-0.00132462
2.65756e-09	-0.00131522
2.65864e-09	-0.00130561
2.65972e-09	-0.00129579
2.6608e-09	-0.00128578
2.66188e-09	-0.00127558
2.66296e-09	-0.0012652
2.66404e-09	-0.00125464
2.66512e-09	-0.00124392
2.6662e-09	-0.00123304
2.66728e-09	-0.001222
2.66836e-09	-0.00121083
2.66944e-09	-0.00119951
2.67052e-09	-0.00118806
2.6716e-09	-0.00117649
2.67268e-09	-0.0011648
2.67376e-09	-0.001153
2.67484e-09	-0.00114109
2.67592e-09	-0.00112909
2.677e-09	-0.00111699
2.67808e-09	-0.00110481
2.67916e-09	-0.00109255
2.68023e-09	-0.00108021
2.68131e-09	-0.00106781
2.68239e-09	-0.00105534
2.68347e-09	-0.00104281
2.68455e-09	-0.00103024
2.68563e-09	-0.00101761
2.68671e-09	-0.00100495
2.68779e-09	-0.000992249
2.68887e-09	-0.000979519
2.68995e-09	-0.000966762
2.69103e-09	-0.000953985
2.69211e-09	-0.000941192
2.69319e-09	-0.000928386
2.69427e-09	-0.000915575
2.69535e-09	-0.00090276
2.69643e-09	-0.000889948
2.69751e-09	-0.000877142
2.69859e-09	-0.000864346
2.69967e-09	-0.000851564
2.70075e-09	-0.000838801
2.70183e-09	-0.00082606
2.70291e-09	-0.000813346
2.70399e-09	-0.000800661
2.70507e-09	-0.00078801
2.70615e-09	-0.000775395
2.70723e-09	-0.000762821
2.70831e-09	-0.00075029
2.70939e-09	-0.000737807
2.71047e-09	-0.000725373
2.71155e-09	-0.000712993
2.71263e-09	-0.000700668
2.71371e-09	-0.000688403
2.71479e-09	-0.000676199
2.71587e-09	-0.00066406
2.71695e-09	-0.000651988
2.71803e-09	-0.000639986
2.71911e-09	-0.000628056
2.72019e-09	-0.000616201
2.72127e-09	-0.000604422
2.72235e-09	-0.000592722
2.72343e-09	-0.000581104
2.72451e-09	-0.000569569
2.72559e-09	-0.000558119
2.72667e-09	-0.000546756
2.72775e-09	-0.000535483
2.72883e-09	-0.0005243
2.72991e-09	-0.00051321
2.73099e-09	-0.000502214
2.73207e-09	-0.000491314
2.73315e-09	-0.000480511
2.73423e-09	-0.000469807
2.73531e-09	-0.000459203
2.73639e-09	-0.0004487
2.73747e-09	-0.000438299
2.73855e-09	-0.000428003
2.73963e-09	-0.000417811
2.74071e-09	-0.000407725
2.74179e-09	-0.000397745
2.74287e-09	-0.000387874
2.74395e-09	-0.000378111
2.74503e-09	-0.000368457
2.74611e-09	-0.000358914
2.74719e-09	-0.000349481
2.74827e-09	-0.00034016
2.74935e-09	-0.000330951
2.75043e-09	-0.000321854
2.75151e-09	-0.000312871
2.75259e-09	-0.000304001
2.75367e-09	-0.000295244
2.75475e-09	-0.000286602
2.75583e-09	-0.000278074
2.75691e-09	-0.000269661
2.75799e-09	-0.000261363
2.75907e-09	-0.000253179
2.76015e-09	-0.000245111
2.76123e-09	-0.000237158
2.7623e-09	-0.00022932
2.76338e-09	-0.000221597
2.76446e-09	-0.000213989
2.76554e-09	-0.000206495
2.76662e-09	-0.000199117
2.7677e-09	-0.000191853
2.76878e-09	-0.000184704
2.76986e-09	-0.000177668
2.77094e-09	-0.000170746
2.77202e-09	-0.000163938
2.7731e-09	-0.000157243
2.77418e-09	-0.000150661
2.77526e-09	-0.000144191
2.77634e-09	-0.000137832
2.77742e-09	-0.000131585
2.7785e-09	-0.000125449
2.77958e-09	-0.000119424
2.78066e-09	-0.000113508
2.78174e-09	-0.000107701
2.78282e-09	-0.000102002
2.7839e-09	-9.64119e-05
2.78498e-09	-9.09286e-05
2.78606e-09	-8.5552e-05
2.78714e-09	-8.02811e-05
2.78822e-09	-7.51154e-05
2.7893e-09	-7.00541e-05
2.79038e-09	-6.50963e-05
2.79146e-09	-6.02414e-05
2.79254e-09	-5.54884e-05
2.79362e-09	-5.08367e-05
2.7947e-09	-4.62852e-05
2.79578e-09	-4.18333e-05
2.79686e-09	-3.748e-05
2.79794e-09	-3.32244e-05
2.79902e-09	-2.90656e-05
2.8001e-09	-2.50028e-05
2.80118e-09	-2.1035e-05
2.80226e-09	-1.71612e-05
2.80334e-09	-1.33805e-05
2.80442e-09	-9.69194e-06
2.8055e-09	-6.09458e-06
2.80658e-09	-2.58741e-06
2.80766e-09	8.30545e-07
2.80874e-09	4.16029e-06
2.80982e-09	7.40283e-06
2.8109e-09	1.05592e-05
2.81198e-09	1.36303e-05
2.81306e-09	1.66173e-05
2.81414e-09	1.95212e-05
2.81522e-09	2.23431e-05
2.8163e-09	2.50838e-05
2.81738e-09	2.77446e-05
2.81846e-09	3.03264e-05
2.81954e-09	3.28303e-05
2.82062e-09	3.52574e-05
2.8217e-09	3.76086e-05
2.82278e-09	3.98852e-05
2.82386e-09	4.20881e-05
2.82494e-09	4.42183e-05
2.82602e-09	4.6277e-05
2.8271e-09	4.82653e-05
2.82818e-09	5.01841e-05
2.82926e-09	5.20345e-05
2.83034e-09	5.38176e-05
2.83142e-09	5.55345e-05
2.8325e-09	5.71862e-05
2.83358e-09	5.87737e-05
2.83466e-09	6.02982e-05
2.83574e-09	6.17606e-05
2.83682e-09	6.31621e-05
2.8379e-09	6.45036e-05
2.83898e-09	6.57861e-05
2.84006e-09	6.70108e-05
2.84114e-09	6.81787e-05
2.84222e-09	6.92907e-05
2.8433e-09	7.0348e-05
2.84438e-09	7.13514e-05
2.84545e-09	7.23021e-05
2.84653e-09	7.3201e-05
2.84761e-09	7.40492e-05
2.84869e-09	7.48475e-05
2.84977e-09	7.55971e-05
2.85085e-09	7.62989e-05
2.85193e-09	7.69538e-05
2.85301e-09	7.75629e-05
2.85409e-09	7.81271e-05
2.85517e-09	7.86472e-05
2.85625e-09	7.91244e-05
2.85733e-09	7.95595e-05
2.85841e-09	7.99535e-05
2.85949e-09	8.03072e-05
2.86057e-09	8.06216e-05
2.86165e-09	8.08976e-05
2.86273e-09	8.1136e-05
2.86381e-09	8.13379e-05
