5.39935e-13	8.14092e-05
1.6198e-12	8.1222e-05
2.69967e-12	8.09984e-05
3.77954e-12	8.07377e-05
4.85941e-12	8.04389e-05
5.93928e-12	8.01012e-05
7.01915e-12	7.97236e-05
8.09902e-12	7.93053e-05
9.17889e-12	7.88452e-05
1.02588e-11	7.83425e-05
1.13386e-11	7.77962e-05
1.24185e-11	7.72054e-05
1.34984e-11	7.65691e-05
1.45782e-11	7.58864e-05
1.56581e-11	7.51563e-05
1.6738e-11	7.43777e-05
1.78178e-11	7.35498e-05
1.88977e-11	7.26715e-05
1.99776e-11	7.17419e-05
2.10574e-11	7.07599e-05
2.21373e-11	6.97245e-05
2.32172e-11	6.86347e-05
2.42971e-11	6.74895e-05
2.53769e-11	6.62879e-05
2.64568e-11	6.50289e-05
2.75367e-11	6.37113e-05
2.86165e-11	6.23342e-05
2.96964e-11	6.08966e-05
3.07763e-11	5.93973e-05
3.18561e-11	5.78354e-05
3.2936e-11	5.62097e-05
3.40159e-11	5.45193e-05
3.50957e-11	5.27631e-05
3.61756e-11	5.094e-05
3.72555e-11	4.90489e-05
3.83354e-11	4.70889e-05
3.94152e-11	4.50588e-05
4.04951e-11	4.29576e-05
4.1575e-11	4.07842e-05
4.26548e-11	3.85375e-05
4.37347e-11	3.62166e-05
4.48146e-11	3.38203e-05
4.58944e-11	3.13475e-05
4.69743e-11	2.87973e-05
4.80542e-11	2.61686e-05
4.9134e-11	2.34603e-05
5.02139e-11	2.06713e-05
5.12938e-11	1.78007e-05
5.23736e-11	1.48474e-05
5.34535e-11	1.18104e-05
5.45334e-11	8.68861e-06
5.56133e-11	5.48102e-06
5.66931e-11	2.18664e-06
5.7773e-11	-1.19555e-06
5.88529e-11	-4.66655e-06
5.99327e-11	-8.22734e-06
6.10126e-11	-1.18789e-05
6.20925e-11	-1.56223e-05
6.31723e-11	-1.94583e-05
6.42522e-11	-2.3388e-05
6.53321e-11	-2.74124e-05
6.64119e-11	-3.15323e-05
6.74918e-11	-3.57486e-05
6.85717e-11	-4.00623e-05
6.96516e-11	-4.44743e-05
7.07314e-11	-4.89854e-05
7.18113e-11	-5.35965e-05
7.28912e-11	-5.83085e-05
7.3971e-11	-6.31221e-05
7.50509e-11	-6.80382e-05
7.61308e-11	-7.30576e-05
7.72106e-11	-7.81811e-05
7.82905e-11	-8.34094e-05
7.93704e-11	-8.87432e-05
8.04502e-11	-9.41833e-05
8.15301e-11	-9.97303e-05
8.261e-11	-0.000105385
8.36898e-11	-0.000111148
8.47697e-11	-0.00011702
8.58496e-11	-0.000123001
8.69295e-11	-0.000129093
8.80093e-11	-0.000135295
8.90892e-11	-0.000141608
9.01691e-11	-0.000148033
9.12489e-11	-0.00015457
9.23288e-11	-0.000161219
9.34087e-11	-0.000167982
9.44885e-11	-0.000174857
9.55684e-11	-0.000181847
9.66483e-11	-0.00018895
9.77281e-11	-0.000196168
9.8808e-11	-0.0002035
9.98879e-11	-0.000210947
1.00968e-10	-0.000218508
1.02048e-10	-0.000226185
1.03127e-10	-0.000233977
1.04207e-10	-0.000241883
1.05287e-10	-0.000249905
1.06367e-10	-0.000258042
1.07447e-10	-0.000266294
1.08527e-10	-0.000274661
1.09607e-10	-0.000283142
1.10687e-10	-0.000291738
1.11766e-10	-0.000300449
1.12846e-10	-0.000309273
1.13926e-10	-0.000318211
1.15006e-10	-0.000327262
1.16086e-10	-0.000336425
1.17166e-10	-0.000345701
1.18246e-10	-0.000355089
1.19326e-10	-0.000364588
1.20405e-10	-0.000374197
1.21485e-10	-0.000383916
1.22565e-10	-0.000393743
1.23645e-10	-0.000403679
1.24725e-10	-0.000413722
1.25805e-10	-0.000423871
1.26885e-10	-0.000434126
1.27964e-10	-0.000444485
1.29044e-10	-0.000454946
1.30124e-10	-0.00046551
1.31204e-10	-0.000476174
1.32284e-10	-0.000486937
1.33364e-10	-0.000497798
1.34444e-10	-0.000508755
1.35524e-10	-0.000519807
1.36603e-10	-0.000530953
1.37683e-10	-0.00054219
1.38763e-10	-0.000553517
1.39843e-10	-0.000564931
1.40923e-10	-0.000576432
1.42003e-10	-0.000588017
1.43083e-10	-0.000599684
1.44163e-10	-0.000611431
1.45242e-10	-0.000623256
1.46322e-10	-0.000635156
1.47402e-10	-0.00064713
1.48482e-10	-0.000659174
1.49562e-10	-0.000671286
1.50642e-10	-0.000683464
1.51722e-10	-0.000695705
1.52801e-10	-0.000708006
1.53881e-10	-0.000720364
1.54961e-10	-0.000732776
1.56041e-10	-0.00074524
1.57121e-10	-0.000757752
1.58201e-10	-0.000770309
1.59281e-10	-0.000782907
1.60361e-10	-0.000795544
1.6144e-10	-0.000808216
1.6252e-10	-0.000820919
1.636e-10	-0.00083365
1.6468e-10	-0.000846404
1.6576e-10	-0.000859179
1.6684e-10	-0.000871969
1.6792e-10	-0.000884772
1.69e-10	-0.000897582
1.70079e-10	-0.000910396
1.71159e-10	-0.00092321
1.72239e-10	-0.000936018
1.73319e-10	-0.000948817
1.74399e-10	-0.000961601
1.75479e-10	-0.000974367
1.76559e-10	-0.000987108
1.77638e-10	-0.000999821
1.78718e-10	-0.0010125
1.79798e-10	-0.00102514
1.80878e-10	-0.00103774
1.81958e-10	-0.00105028
1.83038e-10	-0.00106278
1.84118e-10	-0.00107521
1.85198e-10	-0.00108757
1.86277e-10	-0.00109986
1.87357e-10	-0.00111208
1.88437e-10	-0.00112421
1.89517e-10	-0.00113625
1.90597e-10	-0.0011482
1.91677e-10	-0.00116004
1.92757e-10	-0.00117178
1.93836e-10	-0.0011834
1.94916e-10	-0.0011949
1.95996e-10	-0.00120627
1.97076e-10	-0.0012175
1.98156e-10	-0.0012286
1.99236e-10	-0.00123954
2.00316e-10	-0.00125033
2.01396e-10	-0.00126095
2.02475e-10	-0.00127141
2.03555e-10	-0.00128168
2.04635e-10	-0.00129177
2.05715e-10	-0.00130167
2.06795e-10	-0.00131136
2.07875e-10	-0.00132085
2.08955e-10	-0.00133012
2.10035e-10	-0.00133916
2.11114e-10	-0.00134797
2.12194e-10	-0.00135654
2.13274e-10	-0.00136486
2.14354e-10	-0.00137293
2.15434e-10	-0.00138072
2.16514e-10	-0.00138824
2.17594e-10	-0.00139548
2.18673e-10	-0.00140242
2.19753e-10	-0.00140906
2.20833e-10	-0.00141539
2.21913e-10	-0.0014214
2.22993e-10	-0.00142709
2.24073e-10	-0.00143243
2.25153e-10	-0.00143743
2.26233e-10	-0.00144206
2.27312e-10	-0.00144633
2.28392e-10	-0.00145023
2.29472e-10	-0.00145374
2.30552e-10	-0.00145685
2.31632e-10	-0.00145956
2.32712e-10	-0.00146185
2.33792e-10	-0.00146372
2.34872e-10	-0.00146515
2.35951e-10	-0.00146613
2.37031e-10	-0.00146666
2.38111e-10	-0.00146672
2.39191e-10	-0.00146631
2.40271e-10	-0.00146541
2.41351e-10	-0.00146401
2.42431e-10	-0.0014621
2.4351e-10	-0.00145967
2.4459e-10	-0.00145671
2.4567e-10	-0.00145322
2.4675e-10	-0.00144917
2.4783e-10	-0.00144456
2.4891e-10	-0.00143938
2.4999e-10	-0.00143361
2.5107e-10	-0.00142725
2.52149e-10	-0.00142029
2.53229e-10	-0.00141271
2.54309e-10	-0.0014045
2.55389e-10	-0.00139565
2.56469e-10	-0.00138615
2.57549e-10	-0.001376
2.58629e-10	-0.00136517
2.59709e-10	-0.00135366
2.60788e-10	-0.00134146
2.61868e-10	-0.00132855
2.62948e-10	-0.00131492
2.64028e-10	-0.00130057
2.65108e-10	-0.00128548
2.66188e-10	-0.00126964
2.67268e-10	-0.00125304
2.68347e-10	-0.00123567
2.69427e-10	-0.00121752
2.70507e-10	-0.00119858
2.71587e-10	-0.00117883
2.72667e-10	-0.00115827
2.73747e-10	-0.00113688
2.74827e-10	-0.00111465
2.75907e-10	-0.00109157
2.76986e-10	-0.00106764
2.78066e-10	-0.00104284
2.79146e-10	-0.00101716
2.80226e-10	-0.000990591
2.81306e-10	-0.00096312
2.82386e-10	-0.000934739
2.83466e-10	-0.000905436
2.84545e-10	-0.000875202
2.85625e-10	-0.000844027
2.86705e-10	-0.000811901
2.87785e-10	-0.000778813
2.88865e-10	-0.000744754
2.89945e-10	-0.000709715
2.91025e-10	-0.000673685
2.92105e-10	-0.000636656
2.93184e-10	-0.000598617
2.94264e-10	-0.000559561
2.95344e-10	-0.000519478
2.96424e-10	-0.000478358
2.97504e-10	-0.000436194
2.98584e-10	-0.000392977
2.99664e-10	-0.000348698
3.00744e-10	-0.00030335
3.01823e-10	-0.000256924
3.02903e-10	-0.000209413
3.03983e-10	-0.000160808
3.05063e-10	-0.000111103
3.06143e-10	-6.02898e-05
3.07223e-10	-8.36207e-06
3.08303e-10	4.46872e-05
3.09382e-10	9.88645e-05
3.10462e-10	0.000154176
3.11542e-10	0.000210628
3.12622e-10	0.000268227
3.13702e-10	0.000326978
3.14782e-10	0.000386885
3.15862e-10	0.000447955
3.16942e-10	0.000510192
3.18021e-10	0.000573601
3.19101e-10	0.000638185
3.20181e-10	0.000703949
3.21261e-10	0.000770897
3.22341e-10	0.000839031
3.23421e-10	0.000908355
3.24501e-10	0.000978871
3.25581e-10	0.00105058
3.2666e-10	0.00112349
3.2774e-10	0.00119759
3.2882e-10	0.0012729
3.299e-10	0.00134941
3.3098e-10	0.00142711
3.3206e-10	0.00150602
3.3314e-10	0.00158613
3.34219e-10	0.00166744
3.35299e-10	0.00174995
3.36379e-10	0.00183366
3.37459e-10	0.00191856
3.38539e-10	0.00200466
3.39619e-10	0.00209195
3.40699e-10	0.00218043
3.41779e-10	0.0022701
3.42858e-10	0.00236095
3.43938e-10	0.00245297
3.45018e-10	0.00254617
3.46098e-10	0.00264053
3.47178e-10	0.00273606
3.48258e-10	0.00283274
3.49338e-10	0.00293056
3.50418e-10	0.00302953
3.51497e-10	0.00312963
3.52577e-10	0.00323086
3.53657e-10	0.00333321
3.54737e-10	0.00343666
3.55817e-10	0.00354121
3.56897e-10	0.00364684
3.57977e-10	0.00375355
3.59056e-10	0.00386133
3.60136e-10	0.00397016
3.61216e-10	0.00408003
3.62296e-10	0.00419092
3.63376e-10	0.00430283
3.64456e-10	0.00441574
3.65536e-10	0.00452963
3.66616e-10	0.00464449
3.67695e-10	0.00476031
3.68775e-10	0.00487706
3.69855e-10	0.00499473
3.70935e-10	0.0051133
3.72015e-10	0.00523275
3.73095e-10	0.00535307
3.74175e-10	0.00547423
3.75254e-10	0.00559622
3.76334e-10	0.005719
3.77414e-10	0.00584257
3.78494e-10	0.00596689
3.79574e-10	0.00609196
3.80654e-10	0.00621773
3.81734e-10	0.00634419
3.82814e-10	0.00647131
3.83893e-10	0.00659907
3.84973e-10	0.00672744
3.86053e-10	0.00685639
3.87133e-10	0.0069859
3.88213e-10	0.00711593
3.89293e-10	0.00724647
3.90373e-10	0.00737747
3.91453e-10	0.00750891
3.92532e-10	0.00764076
3.93612e-10	0.00777298
3.94692e-10	0.00790554
3.95772e-10	0.00803841
3.96852e-10	0.00817156
3.97932e-10	0.00830495
3.99012e-10	0.00843854
4.00091e-10	0.0085723
4.01171e-10	0.00870619
4.02251e-10	0.00884017
4.03331e-10	0.00897422
4.04411e-10	0.00910827
4.05491e-10	0.00924231
4.06571e-10	0.00937628
4.07651e-10	0.00951014
4.0873e-10	0.00964386
4.0981e-10	0.00977739
4.1089e-10	0.00991068
4.1197e-10	0.0100437
4.1305e-10	0.0101764
4.1413e-10	0.0103087
4.1521e-10	0.0104406
4.1629e-10	0.0105721
4.17369e-10	0.010703
4.18449e-10	0.0108334
4.19529e-10	0.0109632
4.20609e-10	0.0110923
4.21689e-10	0.0112207
4.22769e-10	0.0113484
4.23849e-10	0.0114753
4.24928e-10	0.0116013
4.26008e-10	0.0117263
4.27088e-10	0.0118504
4.28168e-10	0.0119735
4.29248e-10	0.0120955
4.30328e-10	0.0122164
4.31408e-10	0.0123361
4.32488e-10	0.0124545
4.33567e-10	0.0125716
4.34647e-10	0.0126873
4.35727e-10	0.0128017
4.36807e-10	0.0129145
4.37887e-10	0.0130258
4.38967e-10	0.0131355
4.40047e-10	0.0132435
4.41126e-10	0.0133498
4.42206e-10	0.0134543
4.43286e-10	0.013557
4.44366e-10	0.0136577
4.45446e-10	0.0137564
4.46526e-10	0.0138531
4.47606e-10	0.0139477
4.48686e-10	0.0140401
4.49765e-10	0.0141303
4.50845e-10	0.0142181
4.51925e-10	0.0143036
4.53005e-10	0.0143866
4.54085e-10	0.0144671
4.55165e-10	0.014545
4.56245e-10	0.0146202
4.57325e-10	0.0146927
4.58404e-10	0.0147625
4.59484e-10	0.0148293
4.60564e-10	0.0148932
4.61644e-10	0.0149541
4.62724e-10	0.015012
4.63804e-10	0.0150667
4.64884e-10	0.0151181
4.65963e-10	0.0151663
4.67043e-10	0.0152111
4.68123e-10	0.0152525
4.69203e-10	0.0152903
4.70283e-10	0.0153246
4.71363e-10	0.0153552
4.72443e-10	0.015382
4.73523e-10	0.0154051
4.74602e-10	0.0154242
4.75682e-10	0.0154395
4.76762e-10	0.0154506
4.77842e-10	0.0154577
4.78922e-10	0.0154606
4.80002e-10	0.0154593
4.81082e-10	0.0154536
4.82162e-10	0.0154435
4.83241e-10	0.015429
4.84321e-10	0.0154099
4.85401e-10	0.0153862
4.86481e-10	0.0153577
4.87561e-10	0.0153246
4.88641e-10	0.0152865
4.89721e-10	0.0152436
4.908e-10	0.0151956
4.9188e-10	0.0151426
4.9296e-10	0.0150845
4.9404e-10	0.0150212
4.9512e-10	0.0149525
4.962e-10	0.0148785
4.9728e-10	0.0147992
4.9836e-10	0.0147143
4.99439e-10	0.0146238
5.00519e-10	0.0145277
5.01599e-10	0.0144259
5.02679e-10	0.0143184
5.03759e-10	0.014205
5.04839e-10	0.0140856
5.05919e-10	0.0139604
5.06999e-10	0.013829
5.08078e-10	0.0136916
5.09158e-10	0.013548
5.10238e-10	0.0133981
5.11318e-10	0.013242
5.12398e-10	0.0130795
5.13478e-10	0.0129106
5.14558e-10	0.0127351
5.15637e-10	0.0125532
5.16717e-10	0.0123646
5.17797e-10	0.0121694
5.18877e-10	0.0119674
5.19957e-10	0.0117587
5.21037e-10	0.0115432
5.22117e-10	0.0113207
5.23197e-10	0.0110913
5.24276e-10	0.010855
5.25356e-10	0.0106116
5.26436e-10	0.0103611
5.27516e-10	0.0101034
5.28596e-10	0.0098386
5.29676e-10	0.00956655
5.30756e-10	0.00928722
5.31835e-10	0.00900057
5.32915e-10	0.00870657
5.33995e-10	0.00840516
5.35075e-10	0.00809633
5.36155e-10	0.00778002
5.37235e-10	0.0074562
5.38315e-10	0.00712483
5.39395e-10	0.0067859
5.40474e-10	0.00643936
5.41554e-10	0.00608519
5.42634e-10	0.00572336
5.43714e-10	0.00535385
5.44794e-10	0.00497663
5.45874e-10	0.00459169
5.46954e-10	0.00419899
5.48034e-10	0.00379853
5.49113e-10	0.00339029
5.50193e-10	0.00297426
5.51273e-10	0.00255042
5.52353e-10	0.00211877
5.53433e-10	0.0016793
5.54513e-10	0.001232
5.55593e-10	0.000776865
5.56672e-10	0.000313904
5.57752e-10	-0.000156886
5.58832e-10	-0.000635502
5.59912e-10	-0.00112194
5.60992e-10	-0.00161618
5.62072e-10	-0.00211823
5.63152e-10	-0.00262806
5.64232e-10	-0.00314567
5.65311e-10	-0.00367103
5.66391e-10	-0.00420412
5.67471e-10	-0.00474492
5.68551e-10	-0.00529341
5.69631e-10	-0.00584955
5.70711e-10	-0.00641332
5.71791e-10	-0.00698468
5.72871e-10	-0.0075636
5.7395e-10	-0.00815003
5.7503e-10	-0.00874395
5.7611e-10	-0.00934529
5.7719e-10	-0.00995402
5.7827e-10	-0.0105701
5.7935e-10	-0.0111934
5.8043e-10	-0.011824
5.81509e-10	-0.0124617
5.82589e-10	-0.0131066
5.83669e-10	-0.0137585
5.84749e-10	-0.0144173
5.85829e-10	-0.0150831
5.86909e-10	-0.0157557
5.87989e-10	-0.0164351
5.89069e-10	-0.0171211
5.90148e-10	-0.0178137
5.91228e-10	-0.0185129
5.92308e-10	-0.0192184
5.93388e-10	-0.0199303
5.94468e-10	-0.0206484
5.95548e-10	-0.0213727
5.96628e-10	-0.0221029
5.97708e-10	-0.0228392
5.98787e-10	-0.0235812
5.99867e-10	-0.0243289
6.00947e-10	-0.0250823
6.02027e-10	-0.0258411
6.03107e-10	-0.0266053
6.04187e-10	-0.0273747
6.05267e-10	-0.0281492
6.06346e-10	-0.0289287
6.07426e-10	-0.0297131
6.08506e-10	-0.0305021
6.09586e-10	-0.0312958
6.10666e-10	-0.0320938
6.11746e-10	-0.0328961
6.12826e-10	-0.0337025
6.13906e-10	-0.034513
6.14985e-10	-0.0353272
6.16065e-10	-0.0361451
6.17145e-10	-0.0369664
6.18225e-10	-0.0377911
6.19305e-10	-0.038619
6.20385e-10	-0.0394498
6.21465e-10	-0.0402834
6.22544e-10	-0.0411197
6.23624e-10	-0.0419584
6.24704e-10	-0.0427993
6.25784e-10	-0.0436423
6.26864e-10	-0.0444872
6.27944e-10	-0.0453337
6.29024e-10	-0.0461817
6.30104e-10	-0.047031
6.31183e-10	-0.0478813
6.32263e-10	-0.0487325
6.33343e-10	-0.0495843
6.34423e-10	-0.0504365
6.35503e-10	-0.051289
6.36583e-10	-0.0521414
6.37663e-10	-0.0529935
6.38743e-10	-0.0538452
6.39822e-10	-0.0546962
6.40902e-10	-0.0555462
6.41982e-10	-0.0563951
6.43062e-10	-0.0572425
6.44142e-10	-0.0580883
6.45222e-10	-0.0589322
6.46302e-10	-0.0597739
6.47381e-10	-0.0606132
6.48461e-10	-0.0614498
6.49541e-10	-0.0622835
6.50621e-10	-0.063114
6.51701e-10	-0.063941
6.52781e-10	-0.0647643
6.53861e-10	-0.0655837
6.54941e-10	-0.0663987
6.5602e-10	-0.0672093
6.571e-10	-0.068015
6.5818e-10	-0.0688156
6.5926e-10	-0.0696109
6.6034e-10	-0.0704005
6.6142e-10	-0.0711842
6.625e-10	-0.0719616
6.6358e-10	-0.0727325
6.64659e-10	-0.0734966
6.65739e-10	-0.0742536
6.66819e-10	-0.0750032
6.67899e-10	-0.075745
6.68979e-10	-0.0764789
6.70059e-10	-0.0772045
6.71139e-10	-0.0779214
6.72218e-10	-0.0786294
6.73298e-10	-0.0793282
6.74378e-10	-0.0800175
6.75458e-10	-0.0806969
6.76538e-10	-0.0813661
6.77618e-10	-0.0820248
6.78698e-10	-0.0826728
6.79778e-10	-0.0833097
6.80857e-10	-0.0839351
6.81937e-10	-0.0845488
6.83017e-10	-0.0851504
6.84097e-10	-0.0857396
6.85177e-10	-0.0863161
6.86257e-10	-0.0868796
6.87337e-10	-0.0874297
6.88417e-10	-0.0879662
6.89496e-10	-0.0884886
6.90576e-10	-0.0889967
6.91656e-10	-0.0894902
6.92736e-10	-0.0899687
6.93816e-10	-0.0904318
6.94896e-10	-0.0908794
6.95976e-10	-0.0913109
6.97055e-10	-0.0917262
6.98135e-10	-0.0921249
6.99215e-10	-0.0925067
7.00295e-10	-0.0928712
7.01375e-10	-0.0932181
7.02455e-10	-0.0935471
7.03535e-10	-0.0938578
7.04615e-10	-0.09415
7.05694e-10	-0.0944234
7.06774e-10	-0.0946775
7.07854e-10	-0.0949121
7.08934e-10	-0.0951269
7.10014e-10	-0.0953216
7.11094e-10	-0.0954957
7.12174e-10	-0.0956491
7.13253e-10	-0.0957814
7.14333e-10	-0.0958923
7.15413e-10	-0.0959815
7.16493e-10	-0.0960486
7.17573e-10	-0.0960934
7.18653e-10	-0.0961156
7.19733e-10	-0.0961149
7.20813e-10	-0.0960909
7.21892e-10	-0.0960434
7.22972e-10	-0.0959721
7.24052e-10	-0.0958767
7.25132e-10	-0.0957569
7.26212e-10	-0.0956123
7.27292e-10	-0.0954429
7.28372e-10	-0.0952482
7.29452e-10	-0.0950279
7.30531e-10	-0.0947819
7.31611e-10	-0.0945098
7.32691e-10	-0.0942115
7.33771e-10	-0.0938865
7.34851e-10	-0.0935346
7.35931e-10	-0.0931557
7.37011e-10	-0.0927495
7.3809e-10	-0.0923156
7.3917e-10	-0.091854
7.4025e-10	-0.0913642
7.4133e-10	-0.0908462
7.4241e-10	-0.0902996
7.4349e-10	-0.0897243
7.4457e-10	-0.0891201
7.4565e-10	-0.0884867
7.46729e-10	-0.0878239
7.47809e-10	-0.0871315
7.48889e-10	-0.0864093
7.49969e-10	-0.0856572
7.51049e-10	-0.0848749
7.52129e-10	-0.0840623
7.53209e-10	-0.0832192
7.54289e-10	-0.0823455
7.55368e-10	-0.0814409
7.56448e-10	-0.0805053
7.57528e-10	-0.0795386
7.58608e-10	-0.0785406
7.59688e-10	-0.0775113
7.60768e-10	-0.0764503
7.61848e-10	-0.0753578
7.62927e-10	-0.0742334
7.64007e-10	-0.0730772
7.65087e-10	-0.071889
7.66167e-10	-0.0706687
7.67247e-10	-0.0694163
7.68327e-10	-0.0681316
7.69407e-10	-0.0668146
7.70487e-10	-0.0654653
7.71566e-10	-0.0640835
7.72646e-10	-0.0626693
7.73726e-10	-0.0612225
7.74806e-10	-0.0597432
7.75886e-10	-0.0582314
7.76966e-10	-0.0566869
7.78046e-10	-0.0551099
7.79126e-10	-0.0535003
7.80205e-10	-0.0518581
7.81285e-10	-0.0501834
7.82365e-10	-0.0484761
7.83445e-10	-0.0467364
7.84525e-10	-0.0449642
7.85605e-10	-0.0431596
7.86685e-10	-0.0413227
7.87764e-10	-0.0394536
7.88844e-10	-0.0375523
7.89924e-10	-0.0356189
7.91004e-10	-0.0336536
7.92084e-10	-0.0316563
7.93164e-10	-0.0296274
7.94244e-10	-0.0275668
7.95324e-10	-0.0254748
7.96403e-10	-0.0233514
7.97483e-10	-0.0211969
7.98563e-10	-0.0190114
7.99643e-10	-0.0167951
8.00723e-10	-0.0145481
8.01803e-10	-0.0122708
8.02883e-10	-0.00996319
8.03962e-10	-0.00762561
8.05042e-10	-0.00525828
8.06122e-10	-0.00286142
8.07202e-10	-0.000435285
8.08282e-10	0.00201986
8.09362e-10	0.00450374
8.10442e-10	0.00701608
8.11522e-10	0.00955658
8.12601e-10	0.0121249
8.13681e-10	0.0147209
8.14761e-10	0.017344
8.15841e-10	0.019994
8.16921e-10	0.0226706
8.18001e-10	0.0253734
8.19081e-10	0.0281019
8.20161e-10	0.030856
8.2124e-10	0.033635
8.2232e-10	0.0364388
8.234e-10	0.0392668
8.2448e-10	0.0421186
8.2556e-10	0.0449938
8.2664e-10	0.047892
8.2772e-10	0.0508127
8.28799e-10	0.0537554
8.29879e-10	0.0567197
8.30959e-10	0.0597051
8.32039e-10	0.0627111
8.33119e-10	0.0657371
8.34199e-10	0.0687828
8.35279e-10	0.0718475
8.36359e-10	0.0749307
8.37438e-10	0.0780318
8.38518e-10	0.0811504
8.39598e-10	0.0842859
8.40678e-10	0.0874376
8.41758e-10	0.0906049
8.42838e-10	0.0937874
8.43918e-10	0.0969843
8.44998e-10	0.100195
8.46077e-10	0.103419
8.47157e-10	0.106656
8.48237e-10	0.109904
8.49317e-10	0.113164
8.50397e-10	0.116435
8.51477e-10	0.119715
8.52557e-10	0.123005
8.53636e-10	0.126303
8.54716e-10	0.129609
8.55796e-10	0.132922
8.56876e-10	0.136242
8.57956e-10	0.139568
8.59036e-10	0.142898
8.60116e-10	0.146232
8.61196e-10	0.14957
8.62275e-10	0.152911
8.63355e-10	0.156254
8.64435e-10	0.159598
8.65515e-10	0.162942
8.66595e-10	0.166285
8.67675e-10	0.169628
8.68755e-10	0.172968
8.69835e-10	0.176305
8.70914e-10	0.179639
8.71994e-10	0.182968
8.73074e-10	0.186292
8.74154e-10	0.18961
8.75234e-10	0.19292
8.76314e-10	0.196222
8.77394e-10	0.199516
8.78473e-10	0.2028
8.79553e-10	0.206073
8.80633e-10	0.209335
8.81713e-10	0.212584
8.82793e-10	0.21582
8.83873e-10	0.219042
8.84953e-10	0.222249
8.86033e-10	0.22544
8.87112e-10	0.228614
8.88192e-10	0.23177
8.89272e-10	0.234908
8.90352e-10	0.238025
8.91432e-10	0.241123
8.92512e-10	0.244198
8.93592e-10	0.247251
8.94671e-10	0.250281
8.95751e-10	0.253286
8.96831e-10	0.256266
8.97911e-10	0.259219
8.98991e-10	0.262145
9.00071e-10	0.265043
9.01151e-10	0.267912
9.02231e-10	0.270751
9.0331e-10	0.273558
9.0439e-10	0.276334
9.0547e-10	0.279076
9.0655e-10	0.281785
9.0763e-10	0.284459
9.0871e-10	0.287096
9.0979e-10	0.289697
9.1087e-10	0.29226
9.11949e-10	0.294784
9.13029e-10	0.297268
9.14109e-10	0.299712
9.15189e-10	0.302114
9.16269e-10	0.304473
9.17349e-10	0.306789
9.18429e-10	0.30906
9.19508e-10	0.311286
9.20588e-10	0.313465
9.21668e-10	0.315597
9.22748e-10	0.31768
9.23828e-10	0.319714
9.24908e-10	0.321698
9.25988e-10	0.323631
9.27068e-10	0.325512
9.28147e-10	0.32734
9.29227e-10	0.329114
9.30307e-10	0.330833
9.31387e-10	0.332496
9.32467e-10	0.334103
9.33547e-10	0.335653
9.34627e-10	0.337143
9.35707e-10	0.338575
9.36786e-10	0.339947
9.37866e-10	0.341257
9.38946e-10	0.342506
9.40026e-10	0.343692
9.41106e-10	0.344815
9.42186e-10	0.345873
9.43266e-10	0.346866
9.44345e-10	0.347794
9.45425e-10	0.348654
9.46505e-10	0.349447
9.47585e-10	0.350171
9.48665e-10	0.350827
9.49745e-10	0.351412
9.50825e-10	0.351927
9.51905e-10	0.352371
9.52984e-10	0.352742
9.54064e-10	0.353041
9.55144e-10	0.353266
9.56224e-10	0.353417
9.57304e-10	0.353493
9.58384e-10	0.353493
9.59464e-10	0.353418
9.60544e-10	0.353265
9.61623e-10	0.353036
9.62703e-10	0.352728
9.63783e-10	0.352341
9.64863e-10	0.351875
9.65943e-10	0.35133
9.67023e-10	0.350704
9.68103e-10	0.349997
9.69182e-10	0.349209
9.70262e-10	0.348339
9.71342e-10	0.347387
9.72422e-10	0.346352
9.73502e-10	0.345234
9.74582e-10	0.344031
9.75662e-10	0.342745
9.76742e-10	0.341374
9.77821e-10	0.339919
9.78901e-10	0.338378
9.79981e-10	0.336751
9.81061e-10	0.335038
9.82141e-10	0.33324
9.83221e-10	0.331354
9.84301e-10	0.329382
9.8538e-10	0.327323
9.8646e-10	0.325176
9.8754e-10	0.322942
9.8862e-10	0.32062
9.897e-10	0.318211
9.9078e-10	0.315713
9.9186e-10	0.313127
9.9294e-10	0.310453
9.94019e-10	0.30769
9.95099e-10	0.304839
9.96179e-10	0.3019
9.97259e-10	0.298872
9.98339e-10	0.295756
9.99419e-10	0.292551
1.0005e-09	0.289258
1.00158e-09	0.285876
1.00266e-09	0.282406
1.00374e-09	0.278848
1.00482e-09	0.275202
1.0059e-09	0.271468
1.00698e-09	0.267646
1.00806e-09	0.263736
1.00914e-09	0.25974
1.01022e-09	0.255656
1.0113e-09	0.251485
1.01238e-09	0.247228
1.01346e-09	0.242885
1.01454e-09	0.238456
1.01562e-09	0.233941
1.0167e-09	0.229342
1.01778e-09	0.224657
1.01886e-09	0.219889
1.01994e-09	0.215036
1.02102e-09	0.210101
1.0221e-09	0.205082
1.02318e-09	0.199981
1.02426e-09	0.194798
1.02534e-09	0.189535
1.02642e-09	0.18419
1.0275e-09	0.178766
1.02858e-09	0.173262
1.02966e-09	0.16768
1.03073e-09	0.16202
1.03181e-09	0.156283
1.03289e-09	0.150469
1.03397e-09	0.144579
1.03505e-09	0.138615
1.03613e-09	0.132576
1.03721e-09	0.126465
1.03829e-09	0.12028
1.03937e-09	0.114025
1.04045e-09	0.107698
1.04153e-09	0.101303
1.04261e-09	0.094838
1.04369e-09	0.0883057
1.04477e-09	0.0817066
1.04585e-09	0.0750419
1.04693e-09	0.0683125
1.04801e-09	0.0615196
1.04909e-09	0.0546642
1.05017e-09	0.0477474
1.05125e-09	0.0407704
1.05233e-09	0.0337344
1.05341e-09	0.0266405
1.05449e-09	0.0194899
1.05557e-09	0.0122839
1.05665e-09	0.00502372
1.05773e-09	-0.00228939
1.05881e-09	-0.00965413
1.05989e-09	-0.0170692
1.06097e-09	-0.0245332
1.06205e-09	-0.0320448
1.06313e-09	-0.0396027
1.06421e-09	-0.0472055
1.06529e-09	-0.0548517
1.06637e-09	-0.0625399
1.06745e-09	-0.0702686
1.06853e-09	-0.0780364
1.06961e-09	-0.0858418
1.07069e-09	-0.0936833
1.07177e-09	-0.101559
1.07285e-09	-0.109468
1.07393e-09	-0.117409
1.07501e-09	-0.125379
1.07609e-09	-0.133378
1.07717e-09	-0.141403
1.07825e-09	-0.149453
1.07933e-09	-0.157527
1.08041e-09	-0.165622
1.08149e-09	-0.173738
1.08257e-09	-0.181871
1.08365e-09	-0.190021
1.08473e-09	-0.198187
1.08581e-09	-0.206365
1.08689e-09	-0.214555
1.08797e-09	-0.222754
1.08905e-09	-0.230961
1.09013e-09	-0.239175
1.09121e-09	-0.247392
1.09229e-09	-0.255612
1.09337e-09	-0.263833
1.09445e-09	-0.272053
1.09553e-09	-0.280269
1.09661e-09	-0.288481
1.09769e-09	-0.296685
1.09877e-09	-0.304882
1.09985e-09	-0.313067
1.10093e-09	-0.32124
1.10201e-09	-0.329399
1.10309e-09	-0.337542
1.10417e-09	-0.345666
1.10525e-09	-0.353771
1.10633e-09	-0.361853
1.10741e-09	-0.369912
1.10849e-09	-0.377944
1.10957e-09	-0.385949
1.11065e-09	-0.393924
1.11173e-09	-0.401868
1.11281e-09	-0.409777
1.11388e-09	-0.417651
1.11496e-09	-0.425488
1.11604e-09	-0.433285
1.11712e-09	-0.44104
1.1182e-09	-0.448752
1.11928e-09	-0.456419
1.12036e-09	-0.464038
1.12144e-09	-0.471608
1.12252e-09	-0.479127
1.1236e-09	-0.486592
1.12468e-09	-0.494002
1.12576e-09	-0.501355
1.12684e-09	-0.508649
1.12792e-09	-0.515881
1.129e-09	-0.523051
1.13008e-09	-0.530155
1.13116e-09	-0.537193
1.13224e-09	-0.544162
1.13332e-09	-0.55106
1.1344e-09	-0.557886
1.13548e-09	-0.564637
1.13656e-09	-0.571312
1.13764e-09	-0.577908
1.13872e-09	-0.584424
1.1398e-09	-0.590858
1.14088e-09	-0.597208
1.14196e-09	-0.603472
1.14304e-09	-0.609648
1.14412e-09	-0.615735
1.1452e-09	-0.621731
1.14628e-09	-0.627634
1.14736e-09	-0.633442
1.14844e-09	-0.639153
1.14952e-09	-0.644766
1.1506e-09	-0.650278
1.15168e-09	-0.655689
1.15276e-09	-0.660996
1.15384e-09	-0.666198
1.15492e-09	-0.671293
1.156e-09	-0.67628
1.15708e-09	-0.681156
1.15816e-09	-0.68592
1.15924e-09	-0.690571
1.16032e-09	-0.695106
1.1614e-09	-0.699525
1.16248e-09	-0.703826
1.16356e-09	-0.708007
1.16464e-09	-0.712067
1.16572e-09	-0.716004
1.1668e-09	-0.719817
1.16788e-09	-0.723505
1.16896e-09	-0.727065
1.17004e-09	-0.730497
1.17112e-09	-0.733799
1.1722e-09	-0.736971
1.17328e-09	-0.740009
1.17436e-09	-0.742914
1.17544e-09	-0.745684
1.17652e-09	-0.748318
1.1776e-09	-0.750815
1.17868e-09	-0.753172
1.17976e-09	-0.755391
1.18084e-09	-0.757468
1.18192e-09	-0.759403
1.183e-09	-0.761195
1.18408e-09	-0.762843
1.18516e-09	-0.764346
1.18624e-09	-0.765703
1.18732e-09	-0.766913
1.1884e-09	-0.767975
1.18948e-09	-0.768889
1.19056e-09	-0.769652
1.19164e-09	-0.770265
1.19272e-09	-0.770727
1.1938e-09	-0.771037
1.19488e-09	-0.771194
1.19595e-09	-0.771197
1.19703e-09	-0.771047
1.19811e-09	-0.770742
1.19919e-09	-0.770281
1.20027e-09	-0.769665
1.20135e-09	-0.768892
1.20243e-09	-0.767962
1.20351e-09	-0.766876
1.20459e-09	-0.765631
1.20567e-09	-0.764228
1.20675e-09	-0.762667
1.20783e-09	-0.760947
1.20891e-09	-0.759068
1.20999e-09	-0.75703
1.21107e-09	-0.754832
1.21215e-09	-0.752475
1.21323e-09	-0.749958
1.21431e-09	-0.747282
1.21539e-09	-0.744445
1.21647e-09	-0.741449
1.21755e-09	-0.738293
1.21863e-09	-0.734977
1.21971e-09	-0.731501
1.22079e-09	-0.727866
1.22187e-09	-0.724072
1.22295e-09	-0.720118
1.22403e-09	-0.716006
1.22511e-09	-0.711736
1.22619e-09	-0.707307
1.22727e-09	-0.70272
1.22835e-09	-0.697976
1.22943e-09	-0.693075
1.23051e-09	-0.688018
1.23159e-09	-0.682805
1.23267e-09	-0.677436
1.23375e-09	-0.671913
1.23483e-09	-0.666235
1.23591e-09	-0.660405
1.23699e-09	-0.654421
1.23807e-09	-0.648286
1.23915e-09	-0.642
1.24023e-09	-0.635563
1.24131e-09	-0.628977
1.24239e-09	-0.622243
1.24347e-09	-0.615361
1.24455e-09	-0.608333
1.24563e-09	-0.601159
1.24671e-09	-0.593841
1.24779e-09	-0.58638
1.24887e-09	-0.578776
1.24995e-09	-0.571032
1.25103e-09	-0.563148
1.25211e-09	-0.555125
1.25319e-09	-0.546966
1.25427e-09	-0.53867
1.25535e-09	-0.53024
1.25643e-09	-0.521677
1.25751e-09	-0.512982
1.25859e-09	-0.504158
1.25967e-09	-0.495204
1.26075e-09	-0.486124
1.26183e-09	-0.476917
1.26291e-09	-0.467588
1.26399e-09	-0.458135
1.26507e-09	-0.448563
1.26615e-09	-0.438871
1.26723e-09	-0.429062
1.26831e-09	-0.419138
1.26939e-09	-0.409101
1.27047e-09	-0.398951
1.27155e-09	-0.388692
1.27263e-09	-0.378325
1.27371e-09	-0.367853
1.27479e-09	-0.357276
1.27587e-09	-0.346597
1.27695e-09	-0.335818
1.27802e-09	-0.324941
1.2791e-09	-0.313969
1.28018e-09	-0.302903
1.28126e-09	-0.291745
1.28234e-09	-0.280498
1.28342e-09	-0.269164
1.2845e-09	-0.257744
1.28558e-09	-0.246243
1.28666e-09	-0.23466
1.28774e-09	-0.223
1.28882e-09	-0.211263
1.2899e-09	-0.199453
1.29098e-09	-0.187572
1.29206e-09	-0.175623
1.29314e-09	-0.163607
1.29422e-09	-0.151527
1.2953e-09	-0.139385
1.29638e-09	-0.127185
1.29746e-09	-0.114928
1.29854e-09	-0.102618
1.29962e-09	-0.0902558
1.3007e-09	-0.077845
1.30178e-09	-0.0653879
1.30286e-09	-0.052887
1.30394e-09	-0.0403451
1.30502e-09	-0.0277647
1.3061e-09	-0.0151485
1.30718e-09	-0.00249903
1.30826e-09	0.0101809
1.30934e-09	0.0228888
1.31042e-09	0.0356218
1.3115e-09	0.0483773
1.31258e-09	0.0611525
1.31366e-09	0.0739449
1.31474e-09	0.0867515
1.31582e-09	0.0995697
1.3169e-09	0.112397
1.31798e-09	0.12523
1.31906e-09	0.138067
1.32014e-09	0.150904
1.32122e-09	0.163739
1.3223e-09	0.176568
1.32338e-09	0.189391
1.32446e-09	0.202202
1.32554e-09	0.215
1.32662e-09	0.227783
1.3277e-09	0.240546
1.32878e-09	0.253287
1.32986e-09	0.266005
1.33094e-09	0.278694
1.33202e-09	0.291354
1.3331e-09	0.303981
1.33418e-09	0.316572
1.33526e-09	0.329125
1.33634e-09	0.341637
1.33742e-09	0.354105
1.3385e-09	0.366526
1.33958e-09	0.378897
1.34066e-09	0.391216
1.34174e-09	0.403481
1.34282e-09	0.415687
1.3439e-09	0.427833
1.34498e-09	0.439916
1.34606e-09	0.451934
1.34714e-09	0.463882
1.34822e-09	0.47576
1.3493e-09	0.487563
1.35038e-09	0.49929
1.35146e-09	0.510938
1.35254e-09	0.522504
1.35362e-09	0.533985
1.3547e-09	0.54538
1.35578e-09	0.556685
1.35686e-09	0.567898
1.35794e-09	0.579016
1.35902e-09	0.590037
1.3601e-09	0.600958
1.36117e-09	0.611777
1.36225e-09	0.622491
1.36333e-09	0.633098
1.36441e-09	0.643596
1.36549e-09	0.653982
1.36657e-09	0.664253
1.36765e-09	0.674408
1.36873e-09	0.684444
1.36981e-09	0.694359
1.37089e-09	0.70415
1.37197e-09	0.713815
1.37305e-09	0.723352
1.37413e-09	0.73276
1.37521e-09	0.742034
1.37629e-09	0.751175
1.37737e-09	0.760179
1.37845e-09	0.769044
1.37953e-09	0.777768
1.38061e-09	0.78635
1.38169e-09	0.794787
1.38277e-09	0.803077
1.38385e-09	0.811219
1.38493e-09	0.819211
1.38601e-09	0.82705
1.38709e-09	0.834735
1.38817e-09	0.842264
1.38925e-09	0.849636
1.39033e-09	0.856848
1.39141e-09	0.863899
1.39249e-09	0.870788
1.39357e-09	0.877512
1.39465e-09	0.884071
1.39573e-09	0.890462
1.39681e-09	0.896684
1.39789e-09	0.902737
1.39897e-09	0.908617
1.40005e-09	0.914325
1.40113e-09	0.919858
1.40221e-09	0.925215
1.40329e-09	0.930396
1.40437e-09	0.935398
1.40545e-09	0.940221
1.40653e-09	0.944864
1.40761e-09	0.949326
1.40869e-09	0.953604
1.40977e-09	0.9577
1.41085e-09	0.96161
1.41193e-09	0.965336
1.41301e-09	0.968875
1.41409e-09	0.972227
1.41517e-09	0.975391
1.41625e-09	0.978367
1.41733e-09	0.981153
1.41841e-09	0.983749
1.41949e-09	0.986155
1.42057e-09	0.98837
1.42165e-09	0.990393
1.42273e-09	0.992224
1.42381e-09	0.993862
1.42489e-09	0.995307
1.42597e-09	0.996559
1.42705e-09	0.997618
1.42813e-09	0.998483
1.42921e-09	0.999153
1.43029e-09	0.99963
1.43137e-09	0.999912
1.43245e-09	1
1.43353e-09	0.999893
1.43461e-09	0.999592
1.43569e-09	0.999097
1.43677e-09	0.998408
1.43785e-09	0.997525
1.43893e-09	0.996448
1.44001e-09	0.995177
1.44109e-09	0.993713
1.44217e-09	0.992056
1.44324e-09	0.990207
1.44432e-09	0.988166
1.4454e-09	0.985933
1.44648e-09	0.983509
1.44756e-09	0.980894
1.44864e-09	0.97809
1.44972e-09	0.975096
1.4508e-09	0.971914
1.45188e-09	0.968544
1.45296e-09	0.964987
1.45404e-09	0.961243
1.45512e-09	0.957315
1.4562e-09	0.953202
1.45728e-09	0.948906
1.45836e-09	0.944427
1.45944e-09	0.939767
1.46052e-09	0.934926
1.4616e-09	0.929907
1.46268e-09	0.924709
1.46376e-09	0.919335
1.46484e-09	0.913785
1.46592e-09	0.908061
1.467e-09	0.902164
1.46808e-09	0.896095
1.46916e-09	0.889856
1.47024e-09	0.883449
1.47132e-09	0.876874
1.4724e-09	0.870134
1.47348e-09	0.86323
1.47456e-09	0.856163
1.47564e-09	0.848935
1.47672e-09	0.841549
1.4778e-09	0.834005
1.47888e-09	0.826305
1.47996e-09	0.818451
1.48104e-09	0.810445
1.48212e-09	0.802289
1.4832e-09	0.793984
1.48428e-09	0.785533
1.48536e-09	0.776938
1.48644e-09	0.7682
1.48752e-09	0.759321
1.4886e-09	0.750304
1.48968e-09	0.741151
1.49076e-09	0.731863
1.49184e-09	0.722443
1.49292e-09	0.712894
1.494e-09	0.703216
1.49508e-09	0.693413
1.49616e-09	0.683487
1.49724e-09	0.673439
1.49832e-09	0.663273
1.4994e-09	0.652991
1.50048e-09	0.642594
1.50156e-09	0.632086
1.50264e-09	0.621468
1.50372e-09	0.610744
1.5048e-09	0.599915
1.50588e-09	0.588984
1.50696e-09	0.577954
1.50804e-09	0.566826
1.50912e-09	0.555605
1.5102e-09	0.544291
1.51128e-09	0.532888
1.51236e-09	0.521398
1.51344e-09	0.509824
1.51452e-09	0.498169
1.5156e-09	0.486434
1.51668e-09	0.474624
1.51776e-09	0.462739
1.51884e-09	0.450784
1.51992e-09	0.43876
1.521e-09	0.426671
1.52208e-09	0.414519
1.52316e-09	0.402307
1.52424e-09	0.390037
1.52532e-09	0.377713
1.52639e-09	0.365336
1.52747e-09	0.352911
1.52855e-09	0.340439
1.52963e-09	0.327923
1.53071e-09	0.315366
1.53179e-09	0.302772
1.53287e-09	0.290141
1.53395e-09	0.277479
1.53503e-09	0.264786
1.53611e-09	0.252066
1.53719e-09	0.239323
1.53827e-09	0.226558
1.53935e-09	0.213774
1.54043e-09	0.200974
1.54151e-09	0.188161
1.54259e-09	0.175338
1.54367e-09	0.162508
1.54475e-09	0.149673
1.54583e-09	0.136835
1.54691e-09	0.123999
1.54799e-09	0.111166
1.54907e-09	0.09834
1.55015e-09	0.0855227
1.55123e-09	0.0727173
1.55231e-09	0.0599265
1.55339e-09	0.047153
1.55447e-09	0.0343996
1.55555e-09	0.0216689
1.55663e-09	0.0089636
1.55771e-09	-0.00371355
1.55879e-09	-0.0163599
1.55987e-09	-0.0289728
1.56095e-09	-0.0415496
1.56203e-09	-0.0540877
1.56311e-09	-0.0665845
1.56419e-09	-0.0790373
1.56527e-09	-0.0914436
1.56635e-09	-0.103801
1.56743e-09	-0.116106
1.56851e-09	-0.128358
1.56959e-09	-0.140552
1.57067e-09	-0.152688
1.57175e-09	-0.164762
1.57283e-09	-0.176772
1.57391e-09	-0.188715
1.57499e-09	-0.200589
1.57607e-09	-0.212392
1.57715e-09	-0.224121
1.57823e-09	-0.235774
1.57931e-09	-0.247349
1.58039e-09	-0.258843
1.58147e-09	-0.270254
1.58255e-09	-0.28158
1.58363e-09	-0.292819
1.58471e-09	-0.303968
1.58579e-09	-0.315025
1.58687e-09	-0.325989
1.58795e-09	-0.336856
1.58903e-09	-0.347625
1.59011e-09	-0.358294
1.59119e-09	-0.368861
1.59227e-09	-0.379324
1.59335e-09	-0.389681
1.59443e-09	-0.399929
1.59551e-09	-0.410068
1.59659e-09	-0.420095
1.59767e-09	-0.430008
1.59875e-09	-0.439805
1.59983e-09	-0.449486
1.60091e-09	-0.459047
1.60199e-09	-0.468488
1.60307e-09	-0.477806
1.60415e-09	-0.487
1.60523e-09	-0.496068
1.60631e-09	-0.505009
1.60739e-09	-0.513822
1.60846e-09	-0.522504
1.60954e-09	-0.531054
1.61062e-09	-0.539472
1.6117e-09	-0.547754
1.61278e-09	-0.555901
1.61386e-09	-0.56391
1.61494e-09	-0.571781
1.61602e-09	-0.579512
1.6171e-09	-0.587102
1.61818e-09	-0.594549
1.61926e-09	-0.601854
1.62034e-09	-0.609013
1.62142e-09	-0.616028
1.6225e-09	-0.622895
1.62358e-09	-0.629615
1.62466e-09	-0.636187
1.62574e-09	-0.642609
1.62682e-09	-0.648881
1.6279e-09	-0.655002
1.62898e-09	-0.66097
1.63006e-09	-0.666786
1.63114e-09	-0.672449
1.63222e-09	-0.677958
1.6333e-09	-0.683311
1.63438e-09	-0.68851
1.63546e-09	-0.693552
1.63654e-09	-0.698438
1.63762e-09	-0.703167
1.6387e-09	-0.707738
1.63978e-09	-0.712152
1.64086e-09	-0.716408
1.64194e-09	-0.720505
1.64302e-09	-0.724443
1.6441e-09	-0.728222
1.64518e-09	-0.731841
1.64626e-09	-0.735302
1.64734e-09	-0.738602
1.64842e-09	-0.741743
1.6495e-09	-0.744724
1.65058e-09	-0.747545
1.65166e-09	-0.750207
1.65274e-09	-0.752708
1.65382e-09	-0.75505
1.6549e-09	-0.757232
1.65598e-09	-0.759255
1.65706e-09	-0.761119
1.65814e-09	-0.762824
1.65922e-09	-0.76437
1.6603e-09	-0.765757
1.66138e-09	-0.766987
1.66246e-09	-0.768058
1.66354e-09	-0.768973
1.66462e-09	-0.769731
1.6657e-09	-0.770332
1.66678e-09	-0.770778
1.66786e-09	-0.771068
1.66894e-09	-0.771204
1.67002e-09	-0.771186
1.6711e-09	-0.771014
1.67218e-09	-0.770689
1.67326e-09	-0.770213
1.67434e-09	-0.769585
1.67542e-09	-0.768807
1.6765e-09	-0.76788
1.67758e-09	-0.766804
1.67866e-09	-0.76558
1.67974e-09	-0.764209
1.68082e-09	-0.762691
1.6819e-09	-0.76103
1.68298e-09	-0.759224
1.68406e-09	-0.757275
1.68514e-09	-0.755184
1.68622e-09	-0.752952
1.6873e-09	-0.750581
1.68838e-09	-0.748071
1.68946e-09	-0.745425
1.69053e-09	-0.742642
1.69161e-09	-0.739724
1.69269e-09	-0.736672
1.69377e-09	-0.733488
1.69485e-09	-0.730174
1.69593e-09	-0.726729
1.69701e-09	-0.723157
1.69809e-09	-0.719457
1.69917e-09	-0.715632
1.70025e-09	-0.711683
1.70133e-09	-0.707612
1.70241e-09	-0.703419
1.70349e-09	-0.699107
1.70457e-09	-0.694676
1.70565e-09	-0.69013
1.70673e-09	-0.685468
1.70781e-09	-0.680693
1.70889e-09	-0.675806
1.70997e-09	-0.670809
1.71105e-09	-0.665704
1.71213e-09	-0.660492
1.71321e-09	-0.655175
1.71429e-09	-0.649754
1.71537e-09	-0.644232
1.71645e-09	-0.638609
1.71753e-09	-0.632889
1.71861e-09	-0.627072
1.71969e-09	-0.62116
1.72077e-09	-0.615156
1.72185e-09	-0.60906
1.72293e-09	-0.602875
1.72401e-09	-0.596602
1.72509e-09	-0.590244
1.72617e-09	-0.583802
1.72725e-09	-0.577279
1.72833e-09	-0.570675
1.72941e-09	-0.563993
1.73049e-09	-0.557235
1.73157e-09	-0.550402
1.73265e-09	-0.543497
1.73373e-09	-0.536521
1.73481e-09	-0.529477
1.73589e-09	-0.522366
1.73697e-09	-0.51519
1.73805e-09	-0.507952
1.73913e-09	-0.500652
1.74021e-09	-0.493294
1.74129e-09	-0.485878
1.74237e-09	-0.478408
1.74345e-09	-0.470884
1.74453e-09	-0.46331
1.74561e-09	-0.455686
1.74669e-09	-0.448015
1.74777e-09	-0.440298
1.74885e-09	-0.432539
1.74993e-09	-0.424738
1.75101e-09	-0.416898
1.75209e-09	-0.40902
1.75317e-09	-0.401107
1.75425e-09	-0.393161
1.75533e-09	-0.385183
1.75641e-09	-0.377175
1.75749e-09	-0.36914
1.75857e-09	-0.361079
1.75965e-09	-0.352994
1.76073e-09	-0.344888
1.76181e-09	-0.336762
1.76289e-09	-0.328617
1.76397e-09	-0.320457
1.76505e-09	-0.312283
1.76613e-09	-0.304096
1.76721e-09	-0.295899
1.76829e-09	-0.287693
1.76937e-09	-0.279481
1.77045e-09	-0.271264
1.77153e-09	-0.263045
1.77261e-09	-0.254824
1.77368e-09	-0.246604
1.77476e-09	-0.238387
1.77584e-09	-0.230174
1.77692e-09	-0.221967
1.778e-09	-0.213769
1.77908e-09	-0.20558
1.78016e-09	-0.197403
1.78124e-09	-0.189239
1.78232e-09	-0.18109
1.7834e-09	-0.172958
1.78448e-09	-0.164845
1.78556e-09	-0.156752
1.78664e-09	-0.14868
1.78772e-09	-0.140632
1.7888e-09	-0.13261
1.78988e-09	-0.124614
1.79096e-09	-0.116646
1.79204e-09	-0.108708
1.79312e-09	-0.100803
1.7942e-09	-0.0929298
1.79528e-09	-0.0850917
1.79636e-09	-0.0772898
1.79744e-09	-0.0695257
1.79852e-09	-0.0618007
1.7996e-09	-0.0541165
1.80068e-09	-0.0464744
1.80176e-09	-0.0388759
1.80284e-09	-0.0313224
1.80392e-09	-0.0238153
1.805e-09	-0.0163559
1.80608e-09	-0.0089456
1.80716e-09	-0.00158576
1.80824e-09	0.00572233
1.80932e-09	0.0129774
1.8104e-09	0.0201781
1.81148e-09	0.0273233
1.81256e-09	0.0344117
1.81364e-09	0.0414421
1.81472e-09	0.0484134
1.8158e-09	0.0553243
1.81688e-09	0.0621738
1.81796e-09	0.0689607
1.81904e-09	0.0756839
1.82012e-09	0.0823424
1.8212e-09	0.0889351
1.82228e-09	0.0954609
1.82336e-09	0.101919
1.82444e-09	0.108308
1.82552e-09	0.114628
1.8266e-09	0.120877
1.82768e-09	0.127054
1.82876e-09	0.133159
1.82984e-09	0.13919
1.83092e-09	0.145147
1.832e-09	0.15103
1.83308e-09	0.156836
1.83416e-09	0.162566
1.83524e-09	0.168219
1.83632e-09	0.173794
1.8374e-09	0.17929
1.83848e-09	0.184706
1.83956e-09	0.190043
1.84064e-09	0.195299
1.84172e-09	0.200474
1.8428e-09	0.205567
1.84388e-09	0.210578
1.84496e-09	0.215505
1.84604e-09	0.22035
1.84712e-09	0.22511
1.8482e-09	0.229787
1.84928e-09	0.234378
1.85036e-09	0.238884
1.85144e-09	0.243305
1.85252e-09	0.24764
1.8536e-09	0.251889
1.85468e-09	0.256051
1.85575e-09	0.260127
1.85683e-09	0.264115
1.85791e-09	0.268016
1.85899e-09	0.271829
1.86007e-09	0.275555
1.86115e-09	0.279193
1.86223e-09	0.282743
1.86331e-09	0.286204
1.86439e-09	0.289577
1.86547e-09	0.292862
1.86655e-09	0.296059
1.86763e-09	0.299166
1.86871e-09	0.302186
1.86979e-09	0.305117
1.87087e-09	0.307959
1.87195e-09	0.310713
1.87303e-09	0.313379
1.87411e-09	0.315956
1.87519e-09	0.318446
1.87627e-09	0.320847
1.87735e-09	0.32316
1.87843e-09	0.325386
1.87951e-09	0.327524
1.88059e-09	0.329575
1.88167e-09	0.331539
1.88275e-09	0.333416
1.88383e-09	0.335206
1.88491e-09	0.336911
1.88599e-09	0.338529
1.88707e-09	0.340062
1.88815e-09	0.341509
1.88923e-09	0.342872
1.89031e-09	0.34415
1.89139e-09	0.345344
1.89247e-09	0.346455
1.89355e-09	0.347482
1.89463e-09	0.348426
1.89571e-09	0.349288
1.89679e-09	0.350069
1.89787e-09	0.350768
1.89895e-09	0.351386
1.90003e-09	0.351923
1.90111e-09	0.352382
1.90219e-09	0.352761
1.90327e-09	0.353061
1.90435e-09	0.353283
1.90543e-09	0.353428
1.90651e-09	0.353497
1.90759e-09	0.353489
1.90867e-09	0.353405
1.90975e-09	0.353247
1.91083e-09	0.353015
1.91191e-09	0.352709
1.91299e-09	0.352331
1.91407e-09	0.351881
1.91515e-09	0.351359
1.91623e-09	0.350767
1.91731e-09	0.350105
1.91839e-09	0.349374
1.91947e-09	0.348574
1.92055e-09	0.347708
1.92163e-09	0.346774
1.92271e-09	0.345775
1.92379e-09	0.34471
1.92487e-09	0.343581
1.92595e-09	0.342389
1.92703e-09	0.341134
1.92811e-09	0.339818
1.92919e-09	0.338441
1.93027e-09	0.337003
1.93135e-09	0.335506
1.93243e-09	0.333952
1.93351e-09	0.332339
1.93459e-09	0.33067
1.93567e-09	0.328946
1.93675e-09	0.327167
1.93782e-09	0.325334
1.9389e-09	0.323448
1.93998e-09	0.32151
1.94106e-09	0.319521
1.94214e-09	0.317483
1.94322e-09	0.315394
1.9443e-09	0.313258
1.94538e-09	0.311074
1.94646e-09	0.308844
1.94754e-09	0.306569
1.94862e-09	0.304249
1.9497e-09	0.301885
1.95078e-09	0.299479
1.95186e-09	0.297032
1.95294e-09	0.294544
1.95402e-09	0.292016
1.9551e-09	0.289449
1.95618e-09	0.286845
1.95726e-09	0.284204
1.95834e-09	0.281527
1.95942e-09	0.278815
1.9605e-09	0.276069
1.96158e-09	0.27329
1.96266e-09	0.27048
1.96374e-09	0.267638
1.96482e-09	0.264767
1.9659e-09	0.261866
1.96698e-09	0.258937
1.96806e-09	0.255981
1.96914e-09	0.252999
1.97022e-09	0.249991
1.9713e-09	0.246959
1.97238e-09	0.243904
1.97346e-09	0.240826
1.97454e-09	0.237727
1.97562e-09	0.234608
1.9767e-09	0.231469
1.97778e-09	0.228311
1.97886e-09	0.225135
1.97994e-09	0.221942
1.98102e-09	0.218734
1.9821e-09	0.215511
1.98318e-09	0.212273
1.98426e-09	0.209023
1.98534e-09	0.20576
1.98642e-09	0.202485
1.9875e-09	0.1992
1.98858e-09	0.195906
1.98966e-09	0.192603
1.99074e-09	0.189292
1.99182e-09	0.185974
1.9929e-09	0.182649
1.99398e-09	0.17932
1.99506e-09	0.175986
1.99614e-09	0.172648
1.99722e-09	0.169307
1.9983e-09	0.165965
1.99938e-09	0.162621
2.00046e-09	0.159277
2.00154e-09	0.155933
2.00262e-09	0.152591
2.0037e-09	0.14925
2.00478e-09	0.145912
2.00586e-09	0.142578
2.00694e-09	0.139248
2.00802e-09	0.135923
2.0091e-09	0.132604
2.01018e-09	0.129292
2.01126e-09	0.125986
2.01234e-09	0.122689
2.01342e-09	0.1194
2.0145e-09	0.116121
2.01558e-09	0.112851
2.01666e-09	0.109592
2.01774e-09	0.106345
2.01882e-09	0.103109
2.0199e-09	0.0998866
2.02097e-09	0.0966771
2.02205e-09	0.0934815
2.02313e-09	0.0903005
2.02421e-09	0.0871346
2.02529e-09	0.0839844
2.02637e-09	0.0808506
2.02745e-09	0.0777337
2.02853e-09	0.0746342
2.02961e-09	0.0715527
2.03069e-09	0.0684898
2.03177e-09	0.065446
2.03285e-09	0.0624219
2.03393e-09	0.0594179
2.03501e-09	0.0564345
2.03609e-09	0.0534722
2.03717e-09	0.0505316
2.03825e-09	0.047613
2.03933e-09	0.0447171
2.04041e-09	0.0418441
2.04149e-09	0.0389945
2.04257e-09	0.0361688
2.04365e-09	0.0333674
2.04473e-09	0.0305907
2.04581e-09	0.0278391
2.04689e-09	0.025113
2.04797e-09	0.0224128
2.04905e-09	0.0197387
2.05013e-09	0.0170913
2.05121e-09	0.0144707
2.05229e-09	0.0118774
2.05337e-09	0.00931172
2.05445e-09	0.0067739
2.05553e-09	0.00426428
2.05661e-09	0.00178314
2.05769e-09	-0.000669228
2.05877e-09	-0.00309256
2.05985e-09	-0.0054866
2.06093e-09	-0.0078511
2.06201e-09	-0.0101858
2.06309e-09	-0.0124905
2.06417e-09	-0.014765
2.06525e-09	-0.017009
2.06633e-09	-0.0192223
2.06741e-09	-0.0214049
2.06849e-09	-0.0235564
2.06957e-09	-0.0256768
2.07065e-09	-0.0277658
2.07173e-09	-0.0298234
2.07281e-09	-0.0318493
2.07389e-09	-0.0338434
2.07497e-09	-0.0358057
2.07605e-09	-0.037736
2.07713e-09	-0.0396343
2.07821e-09	-0.0415003
2.07929e-09	-0.0433341
2.08037e-09	-0.0451356
2.08145e-09	-0.0469047
2.08253e-09	-0.0486413
2.08361e-09	-0.0503454
2.08469e-09	-0.052017
2.08577e-09	-0.0536561
2.08685e-09	-0.0552626
2.08793e-09	-0.0568365
2.08901e-09	-0.0583778
2.09009e-09	-0.0598865
2.09117e-09	-0.0613627
2.09225e-09	-0.0628063
2.09333e-09	-0.0642174
2.09441e-09	-0.0655961
2.09549e-09	-0.0669423
2.09657e-09	-0.0682562
2.09765e-09	-0.0695378
2.09873e-09	-0.0707871
2.09981e-09	-0.0720043
2.10089e-09	-0.0731895
2.10197e-09	-0.0743426
2.10304e-09	-0.0754639
2.10412e-09	-0.0765534
2.1052e-09	-0.0776113
2.10628e-09	-0.0786377
2.10736e-09	-0.0796327
2.10844e-09	-0.0805964
2.10952e-09	-0.081529
2.1106e-09	-0.0824306
2.11168e-09	-0.0833014
2.11276e-09	-0.0841416
2.11384e-09	-0.0849513
2.11492e-09	-0.0857306
2.116e-09	-0.0864799
2.11708e-09	-0.0871992
2.11816e-09	-0.0878887
2.11924e-09	-0.0885487
2.12032e-09	-0.0891793
2.1214e-09	-0.0897808
2.12248e-09	-0.0903533
2.12356e-09	-0.0908971
2.12464e-09	-0.0914124
2.12572e-09	-0.0918994
2.1268e-09	-0.0923584
2.12788e-09	-0.0927896
2.12896e-09	-0.0931933
2.13004e-09	-0.0935696
2.13112e-09	-0.0939188
2.1322e-09	-0.0942412
2.13328e-09	-0.0945371
2.13436e-09	-0.0948066
2.13544e-09	-0.0950502
2.13652e-09	-0.0952679
2.1376e-09	-0.0954602
2.13868e-09	-0.0956273
2.13976e-09	-0.0957694
2.14084e-09	-0.0958869
2.14192e-09	-0.09598
2.143e-09	-0.096049
2.14408e-09	-0.0960942
2.14516e-09	-0.096116
2.14624e-09	-0.0961145
2.14732e-09	-0.0960901
2.1484e-09	-0.0960431
2.14948e-09	-0.0959739
2.15056e-09	-0.0958826
2.15164e-09	-0.0957696
2.15272e-09	-0.0956353
2.1538e-09	-0.0954799
2.15488e-09	-0.0953038
2.15596e-09	-0.0951072
2.15704e-09	-0.0948905
2.15812e-09	-0.094654
2.1592e-09	-0.094398
2.16028e-09	-0.0941228
2.16136e-09	-0.0938288
2.16244e-09	-0.0935163
2.16352e-09	-0.0931856
2.1646e-09	-0.092837
2.16568e-09	-0.0924708
2.16676e-09	-0.0920874
2.16784e-09	-0.0916871
2.16892e-09	-0.0912703
2.17e-09	-0.0908371
2.17108e-09	-0.0903881
2.17216e-09	-0.0899234
2.17324e-09	-0.0894435
2.17432e-09	-0.0889486
2.1754e-09	-0.0884391
2.17648e-09	-0.0879153
2.17756e-09	-0.0873776
2.17864e-09	-0.0868261
2.17972e-09	-0.0862614
2.1808e-09	-0.0856836
2.18188e-09	-0.0850932
2.18296e-09	-0.0844904
2.18404e-09	-0.0838756
2.18511e-09	-0.0832491
2.18619e-09	-0.0826111
2.18727e-09	-0.0819621
2.18835e-09	-0.0813024
2.18943e-09	-0.0806321
2.19051e-09	-0.0799518
2.19159e-09	-0.0792616
2.19267e-09	-0.0785619
2.19375e-09	-0.077853
2.19483e-09	-0.0771352
2.19591e-09	-0.0764089
2.19699e-09	-0.0756742
2.19807e-09	-0.0749316
2.19915e-09	-0.0741813
2.20023e-09	-0.0734236
2.20131e-09	-0.0726589
2.20239e-09	-0.0718873
2.20347e-09	-0.0711093
2.20455e-09	-0.070325
2.20563e-09	-0.0695349
2.20671e-09	-0.0687391
2.20779e-09	-0.0679379
2.20887e-09	-0.0671317
2.20995e-09	-0.0663207
2.21103e-09	-0.0655053
2.21211e-09	-0.0646855
2.21319e-09	-0.0638618
2.21427e-09	-0.0630345
2.21535e-09	-0.0622036
2.21643e-09	-0.0613697
2.21751e-09	-0.0605328
2.21859e-09	-0.0596933
2.21967e-09	-0.0588513
2.22075e-09	-0.0580073
2.22183e-09	-0.0571613
2.22291e-09	-0.0563138
2.22399e-09	-0.0554648
2.22507e-09	-0.0546146
2.22615e-09	-0.0537636
2.22723e-09	-0.0529118
2.22831e-09	-0.0520596
2.22939e-09	-0.0512072
2.23047e-09	-0.0503548
2.23155e-09	-0.0495026
2.23263e-09	-0.0486508
2.23371e-09	-0.0477997
2.23479e-09	-0.0469495
2.23587e-09	-0.0461003
2.23695e-09	-0.0452524
2.23803e-09	-0.0444061
2.23911e-09	-0.0435614
2.24019e-09	-0.0427186
2.24127e-09	-0.0418778
2.24235e-09	-0.0410394
2.24343e-09	-0.0402034
2.24451e-09	-0.03937
2.24559e-09	-0.0385395
2.24667e-09	-0.0377119
2.24775e-09	-0.0368875
2.24883e-09	-0.0360665
2.24991e-09	-0.0352489
2.25099e-09	-0.0344351
2.25207e-09	-0.033625
2.25315e-09	-0.032819
2.25423e-09	-0.0320171
2.25531e-09	-0.0312194
2.25639e-09	-0.0304263
2.25747e-09	-0.0296376
2.25855e-09	-0.0288538
2.25963e-09	-0.0280747
2.26071e-09	-0.0273007
2.26179e-09	-0.0265318
2.26287e-09	-0.0257681
2.26395e-09	-0.0250098
2.26503e-09	-0.024257
2.26611e-09	-0.0235098
2.26719e-09	-0.0227683
2.26826e-09	-0.0220326
2.26934e-09	-0.0213029
2.27042e-09	-0.0205793
2.2715e-09	-0.0198617
2.27258e-09	-0.0191505
2.27366e-09	-0.0184455
2.27474e-09	-0.017747
2.27582e-09	-0.017055
2.2769e-09	-0.0163696
2.27798e-09	-0.0156909
2.27906e-09	-0.015019
2.28014e-09	-0.0143538
2.28122e-09	-0.0136956
2.2823e-09	-0.0130444
2.28338e-09	-0.0124003
2.28446e-09	-0.0117632
2.28554e-09	-0.0111333
2.28662e-09	-0.0105107
2.2877e-09	-0.00989532
2.28878e-09	-0.0092873
2.28986e-09	-0.00868666
2.29094e-09	-0.00809347
2.29202e-09	-0.00750775
2.2931e-09	-0.00692956
2.29418e-09	-0.00635892
2.29526e-09	-0.00579588
2.29634e-09	-0.00524047
2.29742e-09	-0.00469272
2.2985e-09	-0.00415266
2.29958e-09	-0.00362031
2.30066e-09	-0.00309569
2.30174e-09	-0.00257883
2.30282e-09	-0.00206974
2.3039e-09	-0.00156844
2.30498e-09	-0.00107495
2.30606e-09	-0.000589261
2.30714e-09	-0.000111396
2.30822e-09	0.000358644
2.3093e-09	0.000820854
2.31038e-09	0.00127523
2.31146e-09	0.00172178
2.31254e-09	0.00216051
2.31362e-09	0.00259141
2.3147e-09	0.0030145
2.31578e-09	0.00342978
2.31686e-09	0.00383728
2.31794e-09	0.00423699
2.31902e-09	0.00462894
2.3201e-09	0.00501314
2.32118e-09	0.00538962
2.32226e-09	0.0057584
2.32334e-09	0.00611949
2.32442e-09	0.00647293
2.3255e-09	0.00681874
2.32658e-09	0.00715694
2.32766e-09	0.00748758
2.32874e-09	0.00781068
2.32982e-09	0.00812627
2.3309e-09	0.00843439
2.33198e-09	0.00873508
2.33306e-09	0.00902838
2.33414e-09	0.00931432
2.33522e-09	0.00959295
2.3363e-09	0.00986431
2.33738e-09	0.0101284
2.33846e-09	0.0103854
2.33954e-09	0.0106352
2.34062e-09	0.010878
2.3417e-09	0.0111136
2.34278e-09	0.0113424
2.34386e-09	0.0115641
2.34494e-09	0.011779
2.34602e-09	0.0119871
2.3471e-09	0.0121884
2.34818e-09	0.012383
2.34926e-09	0.0125709
2.35033e-09	0.0127523
2.35141e-09	0.012927
2.35249e-09	0.0130954
2.35357e-09	0.0132572
2.35465e-09	0.0134128
2.35573e-09	0.013562
2.35681e-09	0.013705
2.35789e-09	0.0138419
2.35897e-09	0.0139726
2.36005e-09	0.0140973
2.36113e-09	0.0142161
2.36221e-09	0.0143289
2.36329e-09	0.0144359
2.36437e-09	0.0145372
2.36545e-09	0.0146327
2.36653e-09	0.0147226
2.36761e-09	0.014807
2.36869e-09	0.0148859
2.36977e-09	0.0149593
2.37085e-09	0.0150275
2.37193e-09	0.0150903
2.37301e-09	0.0151479
2.37409e-09	0.0152005
2.37517e-09	0.0152479
2.37625e-09	0.0152904
2.37733e-09	0.015328
2.37841e-09	0.0153607
2.37949e-09	0.0153886
2.38057e-09	0.0154119
2.38165e-09	0.0154306
2.38273e-09	0.0154447
2.38381e-09	0.0154543
2.38489e-09	0.0154596
2.38597e-09	0.0154605
2.38705e-09	0.0154572
2.38813e-09	0.0154497
2.38921e-09	0.0154382
2.39029e-09	0.0154226
2.39137e-09	0.015403
2.39245e-09	0.0153796
2.39353e-09	0.0153524
2.39461e-09	0.0153214
2.39569e-09	0.0152868
2.39677e-09	0.0152486
2.39785e-09	0.0152069
2.39893e-09	0.0151618
2.40001e-09	0.0151133
2.40109e-09	0.0150616
2.40217e-09	0.0150066
2.40325e-09	0.0149484
2.40433e-09	0.0148872
2.40541e-09	0.014823
2.40649e-09	0.0147559
2.40757e-09	0.0146859
2.40865e-09	0.0146131
2.40973e-09	0.0145376
2.41081e-09	0.0144594
2.41189e-09	0.0143787
2.41297e-09	0.0142955
2.41405e-09	0.0142098
2.41513e-09	0.0141217
2.41621e-09	0.0140313
2.41729e-09	0.0139387
2.41837e-09	0.013844
2.41945e-09	0.0137471
2.42053e-09	0.0136481
2.42161e-09	0.0135472
2.42269e-09	0.0134444
2.42377e-09	0.0133397
2.42485e-09	0.0132332
2.42593e-09	0.0131251
2.42701e-09	0.0130152
2.42809e-09	0.0129038
2.42917e-09	0.0127908
2.43025e-09	0.0126763
2.43133e-09	0.0125604
2.4324e-09	0.0124432
2.43348e-09	0.0123246
2.43456e-09	0.0122048
2.43564e-09	0.0120839
2.43672e-09	0.0119618
2.4378e-09	0.0118386
2.43888e-09	0.0117144
2.43996e-09	0.0115892
2.44104e-09	0.0114631
2.44212e-09	0.0113362
2.4432e-09	0.0112085
2.44428e-09	0.01108
2.44536e-09	0.0109508
2.44644e-09	0.0108209
2.44752e-09	0.0106905
2.4486e-09	0.0105595
2.44968e-09	0.010428
2.45076e-09	0.0102961
2.45184e-09	0.0101637
2.45292e-09	0.010031
2.454e-09	0.00989791
2.45508e-09	0.00976459
2.45616e-09	0.00963104
2.45724e-09	0.00949731
2.45832e-09	0.00936343
2.4594e-09	0.00922945
2.46048e-09	0.00909542
2.46156e-09	0.00896136
2.46264e-09	0.00882732
2.46372e-09	0.00869334
2.4648e-09	0.00855946
2.46588e-09	0.00842572
2.46696e-09	0.00829214
2.46804e-09	0.00815878
2.46912e-09	0.00802566
2.4702e-09	0.00789281
2.47128e-09	0.00776028
2.47236e-09	0.00762809
2.47344e-09	0.00749629
2.47452e-09	0.00736489
2.4756e-09	0.00723393
2.47668e-09	0.00710344
2.47776e-09	0.00697345
2.47884e-09	0.006844
2.47992e-09	0.0067151
2.481e-09	0.00658679
2.48208e-09	0.00645909
2.48316e-09	0.00633203
2.48424e-09	0.00620564
2.48532e-09	0.00607993
2.4864e-09	0.00595494
2.48748e-09	0.00583069
2.48856e-09	0.00570719
2.48964e-09	0.00558448
2.49072e-09	0.00546258
2.4918e-09	0.0053415
2.49288e-09	0.00522126
2.49396e-09	0.00510189
2.49504e-09	0.00498341
2.49612e-09	0.00486582
2.4972e-09	0.00474916
2.49828e-09	0.00463344
2.49936e-09	0.00451867
2.50044e-09	0.00440487
2.50152e-09	0.00429205
2.5026e-09	0.00418024
2.50368e-09	0.00406944
2.50476e-09	0.00395967
2.50584e-09	0.00385095
2.50692e-09	0.00374327
2.508e-09	0.00363666
2.50908e-09	0.00353113
2.51016e-09	0.00342669
2.51124e-09	0.00332334
2.51232e-09	0.00322111
2.5134e-09	0.00311999
2.51448e-09	0.00301999
2.51555e-09	0.00292113
2.51663e-09	0.00282341
2.51771e-09	0.00272684
2.51879e-09	0.00263143
2.51987e-09	0.00253718
2.52095e-09	0.00244409
2.52203e-09	0.00235218
2.52311e-09	0.00226145
2.52419e-09	0.0021719
2.52527e-09	0.00208353
2.52635e-09	0.00199635
2.52743e-09	0.00191037
2.52851e-09	0.00182558
2.52959e-09	0.00174199
2.53067e-09	0.00165959
2.53175e-09	0.0015784
2.53283e-09	0.0014984
2.53391e-09	0.00141961
2.53499e-09	0.00134202
2.53607e-09	0.00126563
2.53715e-09	0.00119044
2.53823e-09	0.00111644
2.53931e-09	0.00104365
2.54039e-09	0.000972056
2.54147e-09	0.000901654
2.54255e-09	0.000832445
2.54363e-09	0.000764425
2.54471e-09	0.000697591
2.54579e-09	0.00063194
2.54687e-09	0.000567469
2.54795e-09	0.000504173
2.54903e-09	0.000442048
2.55011e-09	0.000381089
2.55119e-09	0.000321293
2.55227e-09	0.000262653
2.55335e-09	0.000205165
2.55443e-09	0.000148822
2.55551e-09	9.36195e-05
2.55659e-09	3.95506e-05
2.55767e-09	-1.33908e-05
2.55875e-09	-6.52113e-05
2.55983e-09	-0.000115918
2.56091e-09	-0.000165517
2.56199e-09	-0.000214016
2.56307e-09	-0.000261424
2.56415e-09	-0.000307746
2.56523e-09	-0.000352991
2.56631e-09	-0.000397168
2.56739e-09	-0.000440284
2.56847e-09	-0.000482347
2.56955e-09	-0.000523367
2.57063e-09	-0.000563351
2.57171e-09	-0.00060231
2.57279e-09	-0.000640251
2.57387e-09	-0.000677184
2.57495e-09	-0.000713118
2.57603e-09	-0.000748063
2.57711e-09	-0.000782028
2.57819e-09	-0.000815023
2.57927e-09	-0.000847058
2.58035e-09	-0.000878143
2.58143e-09	-0.000908287
2.58251e-09	-0.0009375
2.58359e-09	-0.000965794
2.58467e-09	-0.000993178
2.58575e-09	-0.00101966
2.58683e-09	-0.00104526
2.58791e-09	-0.00106998
2.58899e-09	-0.00109382
2.59007e-09	-0.00111682
2.59115e-09	-0.00113896
2.59223e-09	-0.00116027
2.59331e-09	-0.00118076
2.59439e-09	-0.00120043
2.59547e-09	-0.0012193
2.59655e-09	-0.00123737
2.59762e-09	-0.00125467
2.5987e-09	-0.00127119
2.59978e-09	-0.00128696
2.60086e-09	-0.00130198
2.60194e-09	-0.00131626
2.60302e-09	-0.00132982
2.6041e-09	-0.00134266
2.60518e-09	-0.00135479
2.60626e-09	-0.00136624
2.60734e-09	-0.001377
2.60842e-09	-0.00138709
2.6095e-09	-0.00139653
2.61058e-09	-0.00140531
2.61166e-09	-0.00141346
2.61274e-09	-0.00142098
2.61382e-09	-0.00142789
2.6149e-09	-0.00143419
2.61598e-09	-0.0014399
2.61706e-09	-0.00144503
2.61814e-09	-0.00144958
2.61922e-09	-0.00145358
2.6203e-09	-0.00145702
2.62138e-09	-0.00145993
2.62246e-09	-0.0014623
2.62354e-09	-0.00146416
2.62462e-09	-0.00146551
2.6257e-09	-0.00146637
2.62678e-09	-0.00146674
2.62786e-09	-0.00146663
2.62894e-09	-0.00146606
2.63002e-09	-0.00146503
2.6311e-09	-0.00146356
2.63218e-09	-0.00146165
2.63326e-09	-0.00145932
2.63434e-09	-0.00145657
2.63542e-09	-0.00145342
2.6365e-09	-0.00144987
2.63758e-09	-0.00144594
2.63866e-09	-0.00144163
2.63974e-09	-0.00143696
2.64082e-09	-0.00143193
2.6419e-09	-0.00142656
2.64298e-09	-0.00142084
2.64406e-09	-0.0014148
2.64514e-09	-0.00140844
2.64622e-09	-0.00140177
2.6473e-09	-0.0013948
2.64838e-09	-0.00138753
2.64946e-09	-0.00137999
2.65054e-09	-0.00137217
2.65162e-09	-0.00136408
2.6527e-09	-0.00135573
2.65378e-09	-0.00134714
2.65486e-09	-0.00133831
2.65594e-09	-0.00132924
2.65702e-09	-0.00131995
2.6581e-09	-0.00131044
2.65918e-09	-0.00130073
2.66026e-09	-0.00129081
2.66134e-09	-0.0012807
2.66242e-09	-0.00127041
2.6635e-09	-0.00125994
2.66458e-09	-0.0012493
2.66566e-09	-0.0012385
2.66674e-09	-0.00122754
2.66782e-09	-0.00121643
2.6689e-09	-0.00120518
2.66998e-09	-0.0011938
2.67106e-09	-0.00118229
2.67214e-09	-0.00117066
2.67322e-09	-0.00115891
2.6743e-09	-0.00114706
2.67538e-09	-0.0011351
2.67646e-09	-0.00112305
2.67754e-09	-0.00111091
2.67862e-09	-0.00109869
2.6797e-09	-0.00108639
2.68077e-09	-0.00107402
2.68185e-09	-0.00106158
2.68293e-09	-0.00104908
2.68401e-09	-0.00103653
2.68509e-09	-0.00102393
2.68617e-09	-0.00101129
2.68725e-09	-0.000998604
2.68833e-09	-0.000985888
2.68941e-09	-0.000973143
2.69049e-09	-0.000960376
2.69157e-09	-0.00094759
2.69265e-09	-0.00093479
2.69373e-09	-0.000921981
2.69481e-09	-0.000909167
2.69589e-09	-0.000896354
2.69697e-09	-0.000883544
2.69805e-09	-0.000870742
2.69913e-09	-0.000857953
2.70021e-09	-0.00084518
2.70129e-09	-0.000832428
2.70237e-09	-0.0008197
2.70345e-09	-0.000806999
2.70453e-09	-0.000794331
2.70561e-09	-0.000781698
2.70669e-09	-0.000769103
2.70777e-09	-0.00075655
2.70885e-09	-0.000744043
2.70993e-09	-0.000731584
2.71101e-09	-0.000719176
2.71209e-09	-0.000706823
2.71317e-09	-0.000694528
2.71425e-09	-0.000682293
2.71533e-09	-0.000670122
2.71641e-09	-0.000658016
2.71749e-09	-0.000645978
2.71857e-09	-0.000634012
2.71965e-09	-0.000622119
2.72073e-09	-0.000610301
2.72181e-09	-0.000598562
2.72289e-09	-0.000586903
2.72397e-09	-0.000575326
2.72505e-09	-0.000563833
2.72613e-09	-0.000552427
2.72721e-09	-0.000541108
2.72829e-09	-0.00052988
2.72937e-09	-0.000518743
2.73045e-09	-0.0005077
2.73153e-09	-0.000496752
2.73261e-09	-0.0004859
2.73369e-09	-0.000475147
2.73477e-09	-0.000464492
2.73585e-09	-0.000453938
2.73693e-09	-0.000443487
2.73801e-09	-0.000433138
2.73909e-09	-0.000422894
2.74017e-09	-0.000412754
2.74125e-09	-0.000402722
2.74233e-09	-0.000392796
2.74341e-09	-0.000382979
2.74449e-09	-0.000373271
2.74557e-09	-0.000363672
2.74665e-09	-0.000354184
2.74773e-09	-0.000344807
2.74881e-09	-0.000335542
2.74989e-09	-0.000326389
2.75097e-09	-0.000317349
2.75205e-09	-0.000308422
2.75313e-09	-0.000299608
2.75421e-09	-0.000290909
2.75529e-09	-0.000282324
2.75637e-09	-0.000273853
2.75745e-09	-0.000265498
2.75853e-09	-0.000257257
2.75961e-09	-0.000249131
2.76069e-09	-0.00024112
2.76177e-09	-0.000233224
2.76284e-09	-0.000225444
2.76392e-09	-0.000217778
2.765e-09	-0.000210228
2.76608e-09	-0.000202792
2.76716e-09	-0.000195471
2.76824e-09	-0.000188264
2.76932e-09	-0.000181172
2.7704e-09	-0.000174193
2.77148e-09	-0.000167328
2.77256e-09	-0.000160577
2.77364e-09	-0.000153938
2.77472e-09	-0.000147412
2.7758e-09	-0.000140998
2.77688e-09	-0.000134695
2.77796e-09	-0.000128504
2.77904e-09	-0.000122423
2.78012e-09	-0.000116452
2.7812e-09	-0.000110591
2.78228e-09	-0.000104838
2.78336e-09	-9.91936e-05
2.78444e-09	-9.36569e-05
2.78552e-09	-8.8227e-05
2.7866e-09	-8.29034e-05
2.78768e-09	-7.76852e-05
2.78876e-09	-7.25717e-05
2.78984e-09	-6.75623e-05
2.79092e-09	-6.2656e-05
2.792e-09	-5.78522e-05
2.79308e-09	-5.31499e-05
2.79416e-09	-4.85485e-05
2.79524e-09	-4.40469e-05
2.79632e-09	-3.96444e-05
2.7974e-09	-3.534e-05
2.79848e-09	-3.1133e-05
2.79956e-09	-2.70223e-05
2.80064e-09	-2.30071e-05
2.80172e-09	-1.90864e-05
2.8028e-09	-1.52592e-05
2.80388e-09	-1.15248e-05
2.80496e-09	-7.88192e-06
2.80604e-09	-4.32978e-06
2.80712e-09	-8.67344e-07
2.8082e-09	2.50638e-06
2.80928e-09	5.7924e-06
2.81036e-09	8.99171e-06
2.81144e-09	1.21053e-05
2.81252e-09	1.51343e-05
2.8136e-09	1.80796e-05
2.81468e-09	2.09423e-05
2.81576e-09	2.37235e-05
2.81684e-09	2.64241e-05
2.81792e-09	2.90453e-05
2.819e-09	3.1588e-05
2.82008e-09	3.40534e-05
2.82116e-09	3.64424e-05
2.82224e-09	3.87562e-05
2.82332e-09	4.09958e-05
2.8244e-09	4.31622e-05
2.82548e-09	4.52566e-05
2.82656e-09	4.72799e-05
2.82764e-09	4.92333e-05
2.82872e-09	5.11178e-05
2.8298e-09	5.29344e-05
2.83088e-09	5.46843e-05
2.83196e-09	5.63684e-05
2.83304e-09	5.79879e-05
2.83412e-09	5.95438e-05
2.8352e-09	6.10371e-05
2.83628e-09	6.24689e-05
2.83736e-09	6.38402e-05
2.83844e-09	6.51521e-05
2.83952e-09	6.64056e-05
2.8406e-09	6.76018e-05
2.84168e-09	6.87416e-05
2.84276e-09	6.98261e-05
2.84384e-09	7.08563e-05
2.84491e-09	7.18333e-05
2.84599e-09	7.2758e-05
2.84707e-09	7.36314e-05
2.84815e-09	7.44545e-05
2.84923e-09	7.52284e-05
2.85031e-09	7.59539e-05
2.85139e-09	7.66322e-05
2.85247e-09	7.7264e-05
2.85355e-09	7.78505e-05
2.85463e-09	7.83926e-05
2.85571e-09	7.88912e-05
2.85679e-09	7.93472e-05
2.85787e-09	7.97616e-05
2.85895e-09	8.01353e-05
2.86003e-09	8.04692e-05
2.86111e-09	8.07643e-05
2.86219e-09	8.10214e-05
2.86327e-09	8.12415e-05
2.86435e-09	8.14253e-05
