% time-domain current integration by openEMS v0.0.36-93-g7b9cd51 @Wed Mar 11 14:41:03 2026
% start-coordinates: (-0.0101211,-0.00433289,0.000381) m -> [22,22,16]
% stop-coordinates: (-0.006,0,0.000381) m -> [23,23,16]
% t/s	current
5.39934515904e-13	0
4.15749577246e-11	3.80615432505e-08
8.26099809334e-11	-1.91362801161e-08
1.23645004142e-10	-1.41528644804e-07
1.64680027351e-10	-3.43613891118e-07
2.0571505056e-10	-5.81887036333e-07
2.46750073768e-10	-7.39248093851e-07
2.87785096977e-10	-5.84721988162e-07
3.28820120186e-10	1.85843731515e-07
3.69855143395e-10	1.78967411557e-06
4.10890166603e-10	4.14773603552e-06
4.51925189812e-10	6.64022263663e-06
4.92960213021e-10	7.90688773122e-06
5.3399523623e-10	6.05929153608e-06
5.75030259438e-10	-7.40575160307e-07
6.16065282647e-10	-1.3129339095e-05
6.57100305856e-10	-2.92714830721e-05
6.98135329064e-10	-4.40228977823e-05
7.39170352273e-10	-4.93698680657e-05
7.80205375482e-10	-3.66846106772e-05
8.21240398691e-10	-6.26957444183e-07
8.62275421899e-10	5.6399134337e-05
9.03310445108e-10	0.00012142342166
9.44345468317e-10	0.000171828403836
9.85380491526e-10	0.00018133946287
1.02641551473e-09	0.000130079730297
1.06745053794e-09	1.54897206812e-05
1.10848556115e-09	-0.000140974050737
1.14952058436e-09	-0.000295634323265
1.19055560757e-09	-0.000394445785787
1.23159063078e-09	-0.000392085465137
1.27262565399e-09	-0.000271240191069
1.3136606772e-09	-5.3791438404e-05
1.3546957004e-09	0.000202145631192
1.39573072361e-09	0.000419956224505
1.43676574682e-09	0.000530954042915
1.47780077003e-09	0.000499316432979
1.51883579324e-09	0.000335339340381
1.55987081645e-09	9.13674593903e-05
1.60090583966e-09	-0.000157672329806
1.64194086287e-09	-0.000341066275723
1.68297588607e-09	-0.000415549235186
1.72401090928e-09	-0.000376329961
1.76504593249e-09	-0.000253103702562
1.8060809557e-09	-9.45923675317e-05
1.84711597891e-09	5.06439755554e-05
1.88815100212e-09	0.000149280909682
1.92918602533e-09	0.000189466984011
1.97022104854e-09	0.0001781394094
2.01125607174e-09	0.000132932094857
2.05229109495e-09	7.34323111828e-05
2.09332611816e-09	1.53313558258e-05
2.13436114137e-09	-3.15027828037e-05
2.17539616458e-09	-6.21008584858e-05
2.21643118779e-09	-7.4657946243e-05
2.257466211e-09	-6.95499184076e-05
2.29850123421e-09	-4.94107589475e-05
2.33953625741e-09	-1.95421616809e-05
2.38057128062e-09	1.23261634144e-05
2.42160630383e-09	3.75660492864e-05
2.46264132704e-09	4.91291793878e-05
2.50367635025e-09	4.40109070041e-05
2.54471137346e-09	2.45484770858e-05
2.58574639667e-09	-2.15114414459e-06
2.62678141988e-09	-2.65955586656e-05
2.66781644308e-09	-4.02634905186e-05
2.70885146629e-09	-3.86707397411e-05
2.7498864895e-09	-2.29385132116e-05
2.79092151271e-09	6.82808604324e-07
2.83195653592e-09	2.3227677957e-05
2.87299155913e-09	3.63848812412e-05
2.91402658234e-09	3.55731572199e-05
2.95506160555e-09	2.15447998926e-05
2.99609662875e-09	-6.16928446107e-08
3.03713165196e-09	-2.09614008782e-05
3.07816667517e-09	-3.33938514814e-05
3.11920169838e-09	-3.29990289174e-05
3.16023672159e-09	-2.03281415452e-05
3.2012717448e-09	-4.81973984279e-07
3.24230676801e-09	1.89462934941e-05
3.28334179121e-09	3.07480768242e-05
3.32437681442e-09	3.076768553e-05
3.36541183763e-09	1.93512387341e-05
3.40644686084e-09	1.08683525468e-06
3.44748188405e-09	-1.70248404174e-05
3.48851690726e-09	-2.82417458948e-05
3.52955193047e-09	-2.85916612484e-05
3.57058695368e-09	-1.82701078302e-05
3.61162197688e-09	-1.44776640809e-06
3.65265700009e-09	1.54075023602e-05
3.6936920233e-09	2.60130527749e-05
3.73472704651e-09	2.66144998022e-05
3.77576206972e-09	1.72983436642e-05
3.81679709293e-09	1.84450254892e-06
3.85783211614e-09	-1.3811433746e-05
3.89886713935e-09	-2.38386965066e-05
3.93990216255e-09	-2.46842009801e-05
3.98093718576e-09	-1.63156691997e-05
4.02197220897e-09	-2.1235737222e-06
4.06300723218e-09	1.24363068608e-05
4.10404225539e-09	2.19353332795e-05
4.1450772786e-09	2.29873512581e-05
4.18611230181e-09	1.54528715939e-05
4.22714732502e-09	2.39746623265e-06
4.26818234822e-09	-1.11480767373e-05
4.30921737143e-09	-2.01212351385e-05
4.35025239464e-09	-2.13203584281e-05
4.39128741785e-09	-1.45392432387e-05
4.43232244106e-09	-2.5501321943e-06
4.47335746427e-09	1.00228007796e-05
4.51439248748e-09	1.8483513486e-05
4.55542751069e-09	1.98115467356e-05
4.59646253389e-09	1.37338865898e-05
4.6374975571e-09	2.73632940662e-06
4.67853258031e-09	-8.94048753253e-06
4.71956760352e-09	-1.69314007508e-05
4.76060262673e-09	-1.83734337043e-05
4.80163764994e-09	-1.29289492179e-05
4.84267267315e-09	-2.83090776065e-06
4.88370769636e-09	8.01828628028e-06
4.92474271956e-09	1.55553716468e-05
4.96577774277e-09	1.70742277987e-05
5.00681276598e-09	1.21911989481e-05
5.04784778919e-09	2.92391723633e-06
5.0888828124e-09	-7.14428733772e-06
5.12991783561e-09	-1.42401113408e-05
5.17095285882e-09	-1.58143011504e-05
5.21198788203e-09	-1.1452742001e-05
5.25302290523e-09	-2.95990957966e-06
5.29405792844e-09	6.37723678665e-06
5.33509295165e-09	1.30589305627e-05
5.37612797486e-09	1.46810853039e-05
