% time-domain voltage integration by openEMS v0.0.36-93-g7b9cd51 @Wed Mar 11 14:41:03 2026
% start-coordinates: (-0.006,0,0) m -> [23,23,15]
% stop-coordinates: (-0.006,0,0.001524) m -> [23,23,19]
% t/s	voltage
0	-0
4.10350232087e-11	6.92063366614e-08
8.20700464175e-11	-1.13952279435e-06
1.23105069626e-10	-2.94839333037e-06
1.64140092835e-10	-5.02383932144e-06
2.05175116044e-10	-6.36408913124e-06
2.46210139252e-10	-4.83686301322e-06
2.87245162461e-10	2.27668328989e-06
3.2828018567e-10	1.63497184076e-05
3.69315208879e-10	3.61933143722e-05
4.10350232087e-10	5.57908224437e-05
4.51385255296e-10	6.27018380328e-05
4.92420278505e-10	4.04774136769e-05
5.33455301714e-10	-2.49441782216e-05
5.74490324922e-10	-0.000134915750095
6.15525348131e-10	-0.000266110386292
6.5656037134e-10	-0.000366794949514
6.97595394549e-10	-0.000364843202988
7.38630417757e-10	-0.000193116728042
7.79665440966e-10	0.000171237668837
8.20700464175e-10	0.000670080989948
8.61735487384e-10	0.0011502270354
9.02770510592e-10	0.00139283679891
9.43805533801e-10	0.00118835165631
9.8484055701e-10	0.000441325457359
1.02587558022e-09	-0.000742736767279
1.06691060343e-09	-0.00203569541918
1.10794562664e-09	-0.00296296062879
1.14898064984e-09	-0.00307092611911
1.19001567305e-09	-0.00212875939906
1.23105069626e-09	-0.000274054997135
1.27208571947e-09	0.00197340582963
1.31312074268e-09	0.00386281282408
1.35415576589e-09	0.00468488957267
1.3951907891e-09	0.00405551376753
1.43622581231e-09	0.00209136755439
1.47726083551e-09	-0.000607526570093
1.51829585872e-09	-0.00316940352786
1.55933088193e-09	-0.0047671829816
1.60036590514e-09	-0.00491263077129
1.64140092835e-09	-0.00361153890844
1.68243595156e-09	-0.00133043143433
1.72347097477e-09	0.0011946761515
1.76450599798e-09	0.00321742706001
1.80554102118e-09	0.00420828629285
1.84657604439e-09	0.00398185313679
1.8876110676e-09	0.00270544231171
1.92864609081e-09	0.000811459773104
1.96968111402e-09	-0.00114169460721
2.01071613723e-09	-0.00262077717343
2.05175116044e-09	-0.00324996496784
2.09278618365e-09	-0.00290211744141
2.13382120685e-09	-0.00172933479189
2.17485623006e-09	-0.00012069972945
2.21589125327e-09	0.00141019083094
2.25692627648e-09	0.0023837419576
2.29796129969e-09	0.00250913895434
2.3389963229e-09	0.0017821212823
2.38003134611e-09	0.000486791839649
2.42106636932e-09	-0.000904837055714
2.46210139252e-09	-0.00190068912343
2.50313641573e-09	-0.00216370634735
2.54417143894e-09	-0.0016289211635
2.58520646215e-09	-0.000520618763403
2.62624148536e-09	0.000736029658583
2.66727650857e-09	0.00167505678837
2.70831153178e-09	0.00196141708875
2.74934655499e-09	0.00151025256491
2.79038157819e-09	0.000512113634613
2.8314166014e-09	-0.00064534766716
2.87245162461e-09	-0.00152661753236
2.91348664782e-09	-0.00181157080806
2.95452167103e-09	-0.00141249870649
2.99555669424e-09	-0.000499322151882
3.03659171745e-09	0.000571718192077
3.07762674066e-09	0.00139676092658
3.11866176386e-09	0.00167645845795
3.15969678707e-09	0.00132386066252
3.20073181028e-09	0.000490176142193
3.24176683349e-09	-0.000499854315422
3.2828018567e-09	-0.00127345736837
3.32383687991e-09	-0.00154967588605
3.36487190312e-09	-0.00124083258561
3.40590692633e-09	-0.000479246322357
3.44694194953e-09	0.000438168346591
3.48797697274e-09	0.00116521102609
3.52901199595e-09	0.00143670622492
3.57004701916e-09	0.00116521256859
3.61108204237e-09	0.000468246988021
3.65211706558e-09	-0.000381442456273
3.69315208879e-09	-0.00106254269485
3.734187112e-09	-0.00132654194022
3.7752221352e-09	-0.00108816768625
3.81625715841e-09	-0.000451787287602
3.85729218162e-09	0.000333415147907
3.89832720483e-09	0.000970794862951
3.93936222804e-09	0.00122795952484
3.98039725125e-09	0.00102095937473
4.02143227446e-09	0.000440907344455
4.06246729767e-09	-0.000285091642581
4.10350232087e-09	-0.000882641383214
4.14453734408e-09	-0.00113302379032
4.18557236729e-09	-0.00095346053422
4.2266073905e-09	-0.000423677629442
4.26764241371e-09	0.000248323056439
4.30867743692e-09	0.000807886754046
4.34971246013e-09	0.00104998258757
4.39074748334e-09	0.000894228476682
4.43178250654e-09	0.000410960281442
4.47281752975e-09	-0.000209767720662
4.51385255296e-09	-0.000732722488465
4.55488757617e-09	-0.00096632745408
4.59592259938e-09	-0.000832675010315
4.63695762259e-09	-0.00039271388232
4.6779926458e-09	0.000180570452358
4.719027669e-09	0.000669877030305
4.76006269221e-09	0.000895605669939
4.80109771542e-09	0.000781777082011
4.84213273863e-09	0.000380965677323
4.88316776184e-09	-0.00014888426449
4.92420278505e-09	-0.000606569155934
4.96523780826e-09	-0.000823770446004
5.00627283147e-09	-0.000726932034013
5.04730785467e-09	-0.000361766476999
5.08834287788e-09	0.000127544270072
5.12937790109e-09	0.000554984319024
5.1704129243e-09	0.000763393938541
5.21144794751e-09	0.000681983117829
5.25248297072e-09	0.000349970723619
5.29351799393e-09	-0.00010140741324
5.33455301714e-09	-0.000500579422805
5.37558804034e-09	-0.000700597331161
